6903
4287
0
1201
6032
4475
5174
6023
2591
8968
8382
87
7531
6555
-1857
4427
9578
6966
8429
2529
7916
8893
1361
1090
4036
2338
8191
4815
9750
3743
1752
922
3787
2208
8462
654
7058
2154
9491
6429
9762
6220
4083
3252
2634
64
8830
156
1785
4670
3165
9568
4569
8766
1830
9142
549
2359
2875
2444
3276
9161
8364
2673
3438
8308
1853
1709
9587
6130
1602
6525
9755
5016
1046
5567
4000
9844
8187
6758
7815
6211
4412
5130
3302
6946
3471
5744
1439
687
3638
498
1866
7036
5572
7962
8658
334
860
2960
8341
8424
133
6670
1967
8911
4731
8284
5808
7866
5103
5548
5225
7033
3806
5204
2007
8974
4222
4740
2022
7468
7253
6131
5190
3562
1604
1787
7275
9444
9729
3069
4606
6079
3618
2722
9729
2999
1461
5759
3680
2583
1677
9171
307
5283
6710
8497
1984
1221
9994
8053
6477
195
972
6405
5123
9354
6417
9653
8270
9513
9166
4551
7905
8476
1837
109
1478
2514
6441
4460
2147
8462
2025
3039
8600
4855
6218
6709
4885
6348
8756
3320
3081
5752
5838
8699
8165
6829
8670
2927
9678
3201
9720
5106
705
9154
1896
5828
1041
4662
8763
4087
6269
3923
5319
1987
4701
8232
2300
6084
890
7014
5826
8609
1357
7535
4385
6985
9007
441
9343
7723
3744
495
3107
8434
116
4101
2633
5867
4279
6421
1711
741
8273
2075
4492
9508
1861
2473
4416
4642
1827
4264
6615
2403
4478
8524
1575
2947
4631
610
5576
9998
2904
8600
8723
3403
4365
5625
227
566
7420
5701
7224
2329
9029
5129
7835
566
4405
9471
8332
8932
1189
4981
7735
9859
63
7666
5669
3773
6976
9547
1022
539
8553
7953
5404
9186
4383
8100
3898
808
5523
9288
252
9671
7372
5266
1801
4156
3712
6639
1794
5516
3554
6849
1926
2565
7045
9511
446
2092
6958
9032
4532
4264
3351
1340
129
505
5712
4695
115
7686
8049
4147
6317
7955
7914
8360
216
4859
5947
107
1848
1040
3615
4145
9577
5388
4579
7150
1944
3394
3413
5486
7374
2246
1719
5502
5623
614
1859
9640
3233
8404
4425
7402
6272
1185
1171
5922
6590
9799
7129
120
9936
9859
9200
8328
4067
6829
4318
5578
5605
3973
9865
6992
9601
6172
2109
9611
3138
8156
7980
650
6408
4709
9679
8721
5208
1573
7707
9890
7422
8931
9007
7050
6878
3769
6602
9466
6409
1995
3785
4848
4298
2568
5150
2210
2111
5516
6524
8807
8597
7039
6831
4050
2717
5806
9000
5851
2075
6388
950
9292
3885
4388
9441
5269
6584
8486
9903
1516
61
844
5945
7285
6875
9823
8344
5705
2590
5387
5465
8262
1222
7619
6112
3715
66
4739
9656
9038
1819
7984
6728
6116
5581
6926
4657
5629
2336
3982
2613
3969
5989
2689
7858
4363
7340
9694
3899
7048
4306
1564
2823
7836
6455
3597
7955
3650
3614
5479
6434
2237
7165
7647
533
6687
2676
5892
486
7685
4523
7926
3294
878
596
5041
7543
1431
2112
8538
9195
6340
2429
1732
1739
908
4077
95
748
7090
1970
9967
2555
9435
9269
6260
3393
9553
918
9003
4514
531
7293
7568
9855
5430
255
6942
748
5613
7772
7221
4188
9856
7813
4727
280
2732
4268
1231
8638
4775
1860
9502
9638
4254
22
1491
8176
6045
5029
1991
5465
666
5834
2034
9725
4606
6953
9341
9574
737
4068
1733
8882
6577
46
8808
7267
8622
7911
1568
2304
2326
6566
9609
5848
7352
1222
865
4502
8423
7831
7243
9857
1181
7045
7519
9499
5737
1350
9970
7353
1798
3068
9517
5729
7674
5258
3356
8863
600
2148
1526
227
5026
4591
5732
8500
6174
9975
4176
3144
7859
9487
4076
2219
3393
7187
3835
476
3147
8842
5248
9032
7266
743
9841
4190
7823
4159
1351
3297
3052
165
453
5836
1839
5744
2403
1199
740
2862
6262
3624
1767
594
7053
8957
6267
216
3866
3798
6697
6682
3052
5111
104
107
8005
9531
2053
2928
813
3900
9551
4478
6226
2319
8466
5695
3113
5565
8126
7151
9110
4955
276
2818
4179
4011
4509
4984
2609
6747
406
2216
6153
140
6635
8666
877
4605
7247
8929
3377
4613
4101
677
751
4240
8815
3359
2843
1009
7456
6301
8915
6741
8160
5957
8546
5320
8236
6647
9939
5137
3927
4075
5580
8408
6833
137
3566
7624
1889
5639
7239
2048
3666
1133
3890
483
9160
1332
6828
5455
1822
4285
1540
3547
9678
8079
1742
3225
1180
8824
2963
3211
5855
2580
7481
6914
7852
1419
6475
2097
4112
2389
5477
8256
9466
1881
1390
4940
8836
6339
7265
3292
2604
7843
5610
8687
7107
5730
8826
3185
6001
9024
5879
1388
834
5945
7075
4699
9937
5590
791
1818
7984
1567
7789
7225
6161
2174
7591
9344
3732
5551
5438
8732
5182
9443
5914
6694
8418
6292
1419
2325
1790
5763
4690
7066
4853
5565
9760
9338
4756
7452
9768
1672
803
6857
7619
8560
491
848
2145
6673
7966
2924
22
8290
2455
4401
793
2501
7823
9448
5188
296
8553
2597
4968
424
1627
5332
241
1680
2329
5106
3970
8896
5936
1768
5404
2057
8875
5362
7040
1172
5782
1278
3391
5842
6237
4240
633
2942
3583
6338
2618
2079
9541
8313
5422
9770
6233
2883
5181
7748
7684
1372
5015
2036
8408
6495
6380
7703
2583
8601
5752
6237
1614
6410
4218
577
8210
9749
2256
4983
5157
7831
177
1581
4901
5924
5318
3652
9826
5549
7510
1592
8937
3933
7756
8490
8881
9539
8983
5631
3617
1866
1758
7153
269
2227
7150
7395
8763
2852
9937
2610
1142
9402
7245
695
6958
7818
3254
1562
9850
9318
3313
3536
7676
1691
5542
1620
2143
4950
3216
676
2895
6694
3765
6162
5380
7101
7821
8443
4445
65
304
5045
6549
5391
2017
1041
2213
5119
6129
2351
9446
9794
4977
6561
1840
776
392
5512
6676
8926
7036
9467
7123
52
3137
2390
2457
3949
3179
8046
8826
2063
5890
7138
4647
8795
2001
7518
7676
5095
1227
6777
3289
5094
1371
6302
4427
2185
1542
4712
3351
1086
6223
1303
7154
1991
5078
9631
5744
4230
6222
3231
1047
6596
6073
271
3423
2193
7843
3602
5816
4533
3096
6683
1688
869
4419
3788
95
7313
3492
794
3289
1451
5916
9805
3280
3970
6728
4403
7772
3916
1432
9539
5880
3042
3979
3679
9441
6229
5257
338
61
4814
4476
4793
3942
4563
7164
4495
6914
518
7958
5665
7696
5751
2936
928
8225
1418
5371
9972
1793
5139
3822
541
5248
1134
8059
2501
5378
9099
5960
1538
927
9302
9196
6551
8887
5317
2699
3658
9398
3226
7088
8048
8624
88
4358
3637
3561
4371
4372
5368
1619
3456
5027
2770
4789
5915
5037
7207
2245
2648
9283
917
2578
7025
5594
9865
7536
5933
244
8978
9520
1426
5991
2253
747
6626
9452
6127
6524
1280
2054
4705
5031
1734
7468
2341
5514
1455
4021
8920
4350
5007
1839
1792
5418
8674
3676
7844
1140
1314
1018
394
4548
9298
5709
6331
8680
9575
6236
8227
8366
7255
9124
1621
8369
6009
3805
5355
5106
7020
3607
587
3538
6196
8944
4118
2890
6062
1845
6602
2984
1781
8562
8199
8134
6221
4568
2654
1640
7629
5866
2052
8642
3834
4580
1319
4692
3374
4457
1752
1619
6727
279
406
629
3915
7609
6923
2424
377
2905
656
6671
988
3440
9164
4714
2505
5371
7881
1905
4919
5163
8023
7390
2126
9210
8538
6644
9127
6773
6463
7615
9764
7098
5676
8969
9465
7647
4309
9638
247
7756
8922
3549
8714
7799
9933
9860
5096
8266
7922
6839
185
3571
6432
2292
8422
3928
1380
7606
555
9556
3332
1307
7606
4499
6209
596
3985
6230
613
1290
364
243
9116
2983
2835
1612
7744
4888
7295
1354
3356
7533
1768
3542
4242
7385
4120
9363
104
9181
2667
1004
1612
9084
9234
5974
1689
9914
6583
2321
9970
7830
6267
512
2763
1761
7947
3362
1926
8233
5746
2365
1611
1975
8103
8055
8385
6754
7174
6624
5433
749
8685
7535
5227
6788
637
3159
5064
1870
6432
6453
5021
5647
3465
8713
4137
9053
4103
3231
1798
6621
6964
5257
547
8346
9450
8987
8066
7057
7861
6610
3725
5355
8964
7793
2036
4280
1240
266
6241
356
3103
4838
1917
7033
7994
5313
2395
2401
8554
8021
4514
2054
5610
2593
2312
8377
9718
6133
2489
5051
7017
509
2455
3883
5476
7543
8444
8620
7466
7107
5338
7457
8168
8823
6228
6184
3202
9052
6005
4657
9497
6824
3774
8602
9592
7305
1438
2600
8574
3434
1241
9348
7638
4245
2571
2047
2033
7029
5894
7955
6854
7815
8246
5624
7743
8813
2438
4000
9861
7054
1180
1008
4454
4781
383
539
3266
6597
1449
2140
950
5982
2935
4464
2607
3294
9405
5677
1008
9231
1766
9443
8367
2616
9737
9886
1705
6107
7064
549
6966
4203
8018
9794
6327
8392
2712
1918
9356
1577
7341
8616
9538
6804
1910
6402
3081
1325
9505
8809
2148
584
9458
8687
4218
844
5368
150
1273
6503
6286
3627
7626
9400
8893
6924
8543
8109
8078
8567
2489
3625
6702
8833
2919
2673
4955
3232
8408
2036
619
1830
593
8005
6507
634
8683
9702
917
1780
6787
1939
8971
2405
6709
2840
8191
8673
2339
9775
9557
5162
6990
138
1296
4874
6552
4281
681
845
352
4825
2063
1496
6044
1210
8264
922
4917
6970
1445
8973
1964
131
3395
9753
4394
8286
654
9030
6918
6867
8176
7307
3583
8767
9863
5336
6825
847
6213
1004
9797
9871
9185
6660
7608
7562
8650
2449
1469
7709
1660
6404
9415
5900
1115
9641
6895
7440
3772
4478
3500
4412
5140
1518
1168
91
567
7374
9726
1801
2882
4450
4106
6362
101
6557
3321
8698
1064
1460
1256
5713
8478
7326
5352
9666
2647
9706
9558
7281
1487
3325
4009
9120
6724
4807
8453
3508
5605
4480
9740
7480
7349
5604
6020
5422
6399
9400
3588
2381
20
3319
8471
1804
5023
3582
7187
2105
7722
9713
3364
582
4777
8824
5538
2128
6372
6633
2545
3182
3571
3315
6326
7859
913
7604
503
7119
1651
3656
9291
600
6450
622
2561
4977
8580
4777
9629
564
5464
5168
1229
3857
8016
1426
9449
8787
6889
2218
1865
5451
7638
7898
4017
6508
6955
8951
6775
1362
8485
1265
2884
5727
3063
9117
8233
387
6335
6657
6377
6104
7255
8732
8516
8488
7623
239
2613
1179
3351
5644
3313
9136
4194
1225
3871
5415
9271
1553
4647
6393
9689
7320
5091
9269
4038
4200
5234
5737
6021
3117
1003
2424
1400
1241
2415
221
6609
9972
5975
9437
2465
7028
1052
7986
3772
9653
8550
3290
8536
1062
9692
4826
7059
4384
8234
8560
3028
627
657
708
2458
1182
984
6234
8738
7819
5648
4550
5892
6261
4325
8508
2780
4759
4960
2628
5958
2818
2265
935
6018
634
8122
6456
7928
7741
5999
7105
2917
6450
8170
1289
2771
4090
787
2207
854
1845
6220
4118
1491
5
4466
7357
8507
7463
7983
9946
245
1859
2717
2002
7306
496
8741
7671
9434
7172
3589
9231
7276
9224
6128
3501
7378
9109
9872
3166
4651
2125
4198
8354
5794
8328
2562
916
7843
8217
462
7496
5454
7644
6836
4465
1396
9998
8257
4812
7646
3305
1489
7308
1950
6571
9097
2818
6013
7218
6227
7417
595
614
8308
1484
1060
4546
2730
8117
7608
2129
3361
4402
4147
129
6756
6518
3443
7479
4481
601
7257
3199
565
3405
3742
7933
2711
3134
9638
8357
3873
5909
1778
771
6728
3722
9695
1112
2093
9843
2508
754
7515
8237
2922
3127
3233
4149
7468
2366
4778
3588
717
9562
5367
1765
48
2579
7359
5876
5507
2179
4013
7493
7485
1754
3111
1774
9590
9806
607
4978
6950
8002
7202
1083
6741
1026
237
6787
9890
6168
6048
4303
6879
7439
7691
5577
6666
7986
4389
2312
5286
3423
9339
7646
1335
4173
3285
4158
8813
3831
1124
4360
4168
6516
3496
9698
3738
4692
6878
1780
3146
2986
6311
8080
1908
4529
8595
8221
61
5148
188
9663
8341
6573
4688
9764
6645
1825
6229
2445
9960
1879
8689
7415
3574
139
66
7813
7707
8388
615
3436
5543
550
6882
1754
4286
6148
7733
1636
7823
3590
89
3099
1602
6770
8958
7210
3531
3914
7501
831
1275
6802
73
3187
2469
6861
9571
392
942
7619
7805
894
8366
2801
2502
802
4675
4893
308
9987
8164
468
960
738
3651
6481
8923
774
3356
9724
5167
7048
4474
9774
6192
4866
5145
5948
7217
6639
2182
2599
4467
5023
7586
4751
4887
2122
933
8463
533
7742
8544
9369
2805
9799
8219
2079
7003
6745
332
955
4544
3485
8521
940
5707
7750
1893
3806
4782
3071
310
5348
7340
1443
9992
7940
8697
3608
2458
3135
3402
3048
6869
6859
7292
6830
6365
6991
5520
5002
8576
2987
5444
3297
2940
4754
556
8020
7038
7669
8159
3450
8580
3341
5039
4461
5683
7236
9984
3006
5092
9040
4985
6470
58
2365
2328
4507
3615
294
3856
7707
92
8272
3630
4839
6951
723
5386
5071
7943
2486
6440
6214
115
9510
1245
4306
1464
4706
2591
6274
1833
2854
2790
9484
705
3106
3823
6962
1988
7287
4094
5312
8083
5949
7619
2981
4494
724
7142
8988
5748
4821
2493
7686
1111
1491
8140
4453
9658
9300
9739
4407
1276
2422
5459
1165
4638
6832
7010
5463
768
6454
6735
4943
2138
7240
6855
7790
1558
6328
3974
5358
7899
9942
4273
1966
7203
2761
6335
4955
4174
7244
2616
5041
7392
4067
8214
9102
230
6889
376
6143
4870
8408
4902
7962
7924
2467
9822
9159
3857
1747
1597
1579
6989
2157
8569
2018
8477
9244
6923
9384
104
1904
5098
4549
2459
9266
1010
1203
6829
1586
5620
5373
9116
272
6855
2629
1334
5748
3532
8930
2228
1258
5311
1317
3297
349
9945
6614
2104
7935
850
736
4347
7058
884
4773
7664
5766
9867
6447
7654
6704
7385
6373
3877
8403
7814
406
3619
6717
5652
597
5795
9664
3136
4240
2680
6636
3061
1999
8216
4646
8650
8934
1531
1527
9596
6615
515
9828
4566
3575
9109
2165
924
9691
7445
5732
216
7471
9088
867
3547
1218
2723
762
7301
8370
4393
6572
1136
3999
8817
6342
1143
943
4478
7091
9748
5678
8167
6687
9382
8847
5375
5766
9521
4099
720
4615
5856
5300
1088
5034
8533
783
2390
7083
5089
6748
7221
6259
5903
2156
1815
5426
2251
9902
9269
4234
5153
9101
8370
4715
319
2682
8600
6343
668
417
4970
2545
6594
9163
2440
4326
822
9327
7041
7640
6153
4981
819
2627
9238
6057
4446
510
5628
392
150
7536
3862
5531
919
637
8086
2541
1667
3995
1184
9402
9207
6069
8706
8373
6732
4075
1442
550
2025
468
1887
6735
901
3457
4393
6522
2634
1711
9613
8129
3621
7001
3113
729
1322
200
5678
5627
9141
8936
8386
9856
6043
7576
4853
9
543
3357
8492
5897
2928
6131
5049
2815
5983
2466
6204
8867
9871
4312
1538
2268
6949
9977
9516
3628
4847
4496
9003
9721
9153
8209
3718
1625
5402
4877
9822
8841
9237
8000
3081
7962
235
7658
5898
7257
9750
5752
1842
6553
2849
8846
4960
6606
3995
6308
2676
8969
9258
794
1297
8299
636
1977
5264
2584
5768
8120
6465
8970
979
2455
9597
3295
2767
4140
8455
1584
7790
9800
1360
3262
8500
5764
6106
6219
6394
7725
6628
1187
4287
1721
5045
4725
4201
5926
5428
385
2345
4094
947
8032
2429
2104
4843
4651
4174
1837
6243
3385
778
5429
8906
4424
3196
2063
3380
1927
2999
4938
2946
4077
5202
9090
9449
3434
3901
6746
5605
3737
2881
5154
3591
5806
2662
7941
1385
4402
7150
7058
8018
3863
3918
469
4548
1754
2413
3442
7843
3029
85
845
6256
765
6759
408
9188
191
1691
1978
8856
8434
2037
953
5521
1753
5250
2772
7049
5640
9873
6415
2040
7951
943
2971
6770
3592
5387
9233
1209
8809
5225
5099
2243
2151
306
7456
3175
4871
1832
1178
7681
3746
839
4790
3477
5188
3030
6951
4176
8897
8413
870
458
7989
5313
6795
4759
966
8347
8401
3196
1833
4759
9257
2655
3901
8695
2141
3672
3192
6231
9550
740
6380
7388
1005
1368
7093
2790
9283
434
7505
7589
7982
8458
8077
3271
6792
7592
5800
2735
7365
9904
135
1281
3401
7384
3685
9626
6051
4586
6499
2429
8314
1028
3859
9816
2403
3773
9021
5477
7468
7490
3165
3324
632
9071
9290
7750
3655
9689
387
2012
7009
6951
8375
8254
5936
8017
593
7743
7415
8225
511
4286
1314
8407
5486
624
5067
4168
7427
1736
8294
5030
4616
5352
7610
5434
977
7649
5661
5870
6170
8039
6234
2839
1535
7456
4034
2112
5751
7995
5404
9490
222
8141
5530
63
9054
1382
506
7934
6841
2962
2789
3440
1110
6684
2568
6017
5749
1741
9132
9850
9328
7794
4564
3411
7697
8155
898
1767
7818
4912
6311
9328
2949
734
534
5200
1512
6111
1539
3729
2932
4984
3821
7253
9931
6268
9284
7303
2315
9709
4857
7058
1083
6034
4002
8304
8657
4404
6390
9146
2382
6803
6251
8463
247
710
5625
5904
9969
1376
3754
1416
4551
5373
7841
4680
9531
6651
8965
3888
6471
6870
6056
4410
4799
8412
9128
385
1509
1471
9873
9951
7191
457
6556
4851
2425
3769
2137
6817
5691
9643
7876
2932
3768
9862
3543
1423
1306
8351
4780
5233
8300
7915
6765
758
6046
9458
906
2586
2639
2159
7366
1256
7626
9812
1231
6001
8415
8698
8008
5465
2108
9238
8644
6075
7592
3207
8305
6924
6173
7467
7503
3469
5519
7041
1772
9834
2989
1978
6973
7727
1763
3209
6459
3530
8009
5145
5207
8668
5404
7870
6587
7737
3095
1331
143
4880
4174
1858
7909
7732
7766
2707
3922
1384
4100
8860
7913
217
7153
8726
2933
6677
7431
640
1746
7017
6810
813
2905
5176
3013
4152
5126
504
8784
3528
3048
4663
5964
4862
3221
7771
7867
251
8919
5238
2207
1231
567
7672
1677
9836
2708
8558
6204
1529
6272
6889
384
4322
296
5354
6286
4989
5486
3849
6380
9415
1844
1908
8423
6429
7318
4772
2095
7079
3173
4924
1411
2526
9628
8283
2660
1710
5569
2945
2505
5671
8089
2765
6959
3149
9976
6853
4987
5600
6421
5839
6605
3078
1382
2460
6514
387
5932
101
4054
3899
4509
845
6756
2446
5258
4902
829
9906
8429
1391
8352
2735
930
7947
1051
995
4334
269
7247
294
9968
3407
8681
391
7058
6322
386
901
8459
144
9877
3963
8533
6253
6808
2115
7719
2380
4393
651
7534
3662
5654
8484
8237
2885
8937
7319
3485
2518
5870
1954
3874
221
9299
2576
3261
9002
3435
2359
5815
8266
1214
4059
7377
8193
6065
1120
5093
834
9533
8236
136
2353
5695
9067
9422
4847
6443
4428
4138
7845
750
585
9073
669
4591
5588
6506
1225
4016
6348
8852
2102
4855
6927
5956
3899
4787
8425
489
396
4782
6459
3534
4092
3870
7207
7723
8175
7799
3256
5800
7085
8529
7326
5904
5426
7857
6358
4957
9778
5078
5097
6454
7770
2803
8555
3650
2034
3892
7651
8215
7518
5726
6875
6948
4548
3384
109
7575
8839
7616
5053
3452
8082
9323
3750
2674
9489
9469
8524
5339
377
145
5777
7713
9288
7909
3251
1600
9623
9830
4210
9299
3836
3747
8399
750
955
672
6432
757
8781
1354
6113
6744
4489
4210
7700
9325
9902
4295
6761
8120
2483
6276
8313
1080
5989
9156
5483
7313
7232
3853
5049
8689
8345
4000
7245
2993
3864
6955
8757
1243
3603
5145
1239
947
8420
9896
765
723
8781
8596
7905
1846
2610
3380
8772
6785
5957
1537
9367
7593
9024
1135
9437
2869
4714
2969
1976
7073
7340
6109
4992
5163
7213
5985
8482
9006
3258
3217
7573
473
5089
9031
4328
9404
2300
3333
8967
3390
156
4657
460
4189
2939
6974
465
3491
5811
6211
1604
2913
2045
3258
4452
8539
8193
4935
4264
2783
6652
9986
2383
8947
2528
7364
6802
715
1749
730
8805
1268
4477
9705
9788
6000
6581
4750
5706
2494
8648
2832
8677
1173
4878
2261
4646
6477
7569
6093
828
6090
1104
8383
5615
886
892
1055
1506
6425
8223
872
8627
8455
2477
6763
8300
4007
3219
4612
2363
1356
9244
2998
2831
9218
3379
2291
25
5670
5490
5881
434
4322
3673
6572
2139
3572
6122
5900
4638
9913
8256
8435
7812
2475
1440
2397
6257
1813
8088
4724
8745
879
1685
280
1094
4443
4000
7767
2385
122
6728
8094
9997
1307
4203
8508
8676
7409
4765
8079
6569
3808
2859
6894
6205
3604
1834
402
333
2559
8457
1490
8472
4301
1557
7977
5006
564
5946
4550
4051
9229
4135
6560
9763
4506
7274
9508
2976
9651
9963
1085
7383
6721
7333
7006
2625
5990
5630
2703
1205
8743
8456
577
59
9992
5344
288
4491
4658
6180
5156
1891
979
6338
5332
8775
8498
2667
7176
211
7005
4422
5704
9132
6369
9633
9559
3493
9269
4370
9766
3310
7476
6859
438
182
5589
3388
1086
9489
3640
2835
9156
5876
208
7038
4716
6269
1159
4961
2219
5728
3155
6803
2998
4060
5491
9683
9884
7725
7093
9608
4940
4138
4984
1381
4869
4078
3608
2443
1080
3748
2443
9657
844
363
4679
2191
3902
5273
5550
1648
3554
2332
4216
2390
3978
7659
3339
9007
418
668
8041
7829
4534
4895
9383
5931
6305
567
5781
2627
8243
968
6910
9804
5725
9787
7166
2441
9420
3887
3547
8621
8832
6618
2881
2578
520
4174
910
490
6652
790
9799
4908
55
2447
8933
8976
735
2452
640
4902
5537
9457
1350
1615
6990
7209
4407
735
4796
7955
4240
5931
8442
5247
4019
3245
8389
5047
5263
2918
4912
5408
9233
451
2547
2640
7735
3912
7122
5065
6173
1192
9224
9955
6086
3735
3505
7272
9368
2359
1441
3177
7732
5518
1156
8510
1664
7337
7843
7931
3123
2953
2576
9982
4109
9100
2734
3140
5024
6903
1151
5723
7615
7743
3643
6690
5202
3975
9674
941
371
6627
9791
501
7336
971
6898
7484
6653
9995
4600
6062
861
2823
1888
6579
4221
7948
4204
5761
149
4018
1594
4974
9372
4621
2799
2419
3343
8467
9535
3964
829
6408
875
1771
2722
7492
3991
6589
7406
6134
5542
9012
4578
851
2693
6724
518
2807
2274
1017
9385
2187
2887
2277
1126
4135
4902
7512
0
2799
3522
2392
3018
2009
823
5008
2150
6607
696
8916
4999
4080
7619
8402
9396
2305
5923
3412
2828
576
6962
5938
9121
409
3033
4549
9971
673
1829
4102
9210
9664
9608
7365
2574
7484
9337
8310
7654
1072
5816
485
5980
4491
2434
2154
9674
4837
9662
9400
5443
8588
2466
7631
1136
2877
3125
9009
2133
6751
721
9682
9439
9561
9812
1544
9741
7651
3108
7730
280
7225
9948
7397
289
1692
8360
193
6661
7891
553
6419
1439
6528
3445
9156
4122
4253
7726
4430
9777
1556
2125
6574
1718
4238
9195
7380
8507
5651
5772
5656
8000
2144
3096
2728
1513
1111
4007
7740
731
9536
489
4314
2964
6141
9695
1284
5412
8620
4169
2095
6587
2741
8653
3695
5937
5075
3872
815
2620
7696
9173
460
6641
7288
9280
6321
9546
9248
981
3693
9168
2543
9585
4752
261
3530
3988
3733
8257
5166
4346
7865
1128
838
3829
538
7412
6093
7993
3162
4899
3757
5875
3955
799
3302
8327
4452
1926
7866
9748
2026
3111
8021
5254
3914
6664
2058
4648
4170
6358
3912
7428
6783
5209
6923
1193
8849
3379
3535
8664
8299
2486
6272
971
7279
7503
492
321
6726
291
6122
330
1909
7364
7348
3100
5291
6912
416
2112
9399
6774
861
492
5958
6645
1960
2094
2890
9619
205
9969
1814
9031
6795
7967
133
9172
336
5220
267
99
692
7866
2740
2060
8018
3910
5928
3200
1441
2239
1488
5621
4145
4534
7282
4991
1280
2662
6567
2680
3676
5754
9102
8364
1363
6677
330
2979
9958
7010
1142
2635
3708
6648
5065
5298
7779
7881
2772
8205
6897
8888
5385
6488
5000
277
8421
9915
3320
2183
3614
2101
1007
9733
4360
5911
7579
7888
1024
8431
1408
336
4844
6767
2341
6329
5594
8714
9977
5881
708
4075
4899
8785
6757
2706
1623
9374
6486
7148
4564
772
5585
8238
7338
1670
2295
5245
409
4628
285
8781
5556
1665
6704
275
9029
9295
7161
2953
9914
4298
9756
5567
9661
8350
7674
9640
5025
2693
7943
5176
3208
81
4662
1031
4641
4402
736
9682
5103
213
99
1471
2661
1978
3255
8923
510
3872
3596
659
9689
9631
1247
5627
5633
6465
875
3405
1546
3870
1340
5041
6327
2626
7104
725
7993
3405
7718
2650
7890
1000
2184
2412
9448
6703
9876
4411
1157
5983
1557
5850
9466
4908
1282
2292
2212
5567
1628
6086
887
7372
875
3468
2118
5772
5970
6828
1061
3563
9470
8521
9334
511
6062
6709
975
2707
2092
7239
6061
4752
3498
8804
4530
8551
5992
2621
8249
8669
7490
1029
8090
7235
8981
2062
4697
3521
4498
8079
8297
239
3819
7747
2750
9216
3947
272
5360
1595
9506
1155
2060
3863
6654
7445
7940
3170
4901
6188
7254
5646
6463
8161
8346
2073
5312
505
9508
9319
4275
658
2570
7550
850
3276
3280
4734
5057
5297
5999
2763
7979
8994
6628
9688
3285
7888
6964
3298
686
9124
381
9926
1176
2203
328
6288
8384
2322
7643
5713
296
7401
1387
6475
2631
4919
5918
3101
5926
2971
414
9110
2555
9034
6602
5047
5058
9609
3478
7514
4327
5960
2947
3625
1585
4569
9530
5676
6312
989
7937
9619
5543
794
7744
5580
2893
5130
6781
2353
6493
5474
131
1697
4165
9213
1121
3385
5035
709
8959
6799
8419
6622
3324
2139
5454
8031
1075
7474
2925
365
3515
7153
7715
6838
1197
3330
9432
711
5089
7166
1241
5195
6225
9631
3437
1872
7103
6817
4739
6855
7090
933
3175
5672
3468
2592
4659
9776
759
7494
7554
1960
7997
1359
5616
4595
39
4916
9165
6067
4045
1225
720
5129
8732
6326
4504
823
7990
7299
590
9508
1908
3823
7878
1307
1830
9981
3733
4416
986
8060
9260
9089
5083
322
9458
6596
3697
5252
496
2387
5830
1588
6213
8256
3497
9096
8874
4470
7867
5315
7312
4991
4375
4178
4085
2956
8847
4469
710
9844
2225
9383
9326
5291
4280
9244
813
7630
5295
5415
1044
3769
3856
6197
3980
7157
171
4185
934
3025
3314
741
7997
1084
4625
7809
1576
4029
3867
6252
3739
9647
9231
3628
6301
5868
2714
9139
133
8996
5382
6336
5389
2938
895
1615
3465
5435
6710
3375
9057
3660
6975
1229
3721
3520
1685
2578
8753
707
9246
6294
7417
1765
3049
3231
2957
2854
9427
6778
8510
1946
4872
4980
64
1194
1639
7558
6960
2903
5967
9659
1982
1515
8997
3712
9944
4590
2392
8615
4039
3858
1291
4503
7458
2891
2113
147
1328
4062
8472
437
7820
6725
1867
7655
2081
9709
6795
9774
5940
9052
1481
8980
4321
402
874
720
9758
7067
7916
9300
6172
7117
2024
7427
6043
8293
3725
301
1437
7192
6380
7720
5107
1609
3219
4173
7539
6950
545
2412
4267
4751
6312
5612
3008
7732
9168
1587
2031
234
9479
2111
3748
810
1431
6223
1977
2661
1920
7888
7142
968
181
5528
3719
6600
9027
6313
123
7451
5882
7106
8184
4931
128
6440
844
775
3403
3868
1807
415
9789
2105
9076
1084
4189
3069
6798
2865
5711
4194
6623
1218
6149
1287
1132
8200
942
9839
492
4815
8045
2246
5759
2332
5686
2284
9244
3613
8305
7071
2082
6191
7312
8809
2208
2182
9581
5283
4896
781
4669
3428
4589
9386
3697
9851
9190
5053
7051
7301
5691
4309
3805
4491
1364
3999
4508
4715
4545
6252
7620
7425
6892
941
3574
9377
4827
1230
4941
2340
1457
1676
4750
253
6276
708
3644
1783
9145
74
8795
605
8507
1458
733
9653
4187
4239
5609
6154
1506
3606
4873
356
7537
2782
7874
4342
7705
8854
5119
596
9703
2674
6182
6335
9655
9156
9740
7183
4521
5475
1652
6268
6721
3051
5170
2056
7192
4928
6110
2748
4145
2048
2180
9550
8358
8181
5849
1404
8272
1379
9944
8215
9732
5828
7818
8463
251
3117
8211
3735
8907
493
4329
8677
9729
8610
8144
4200
112
519
6673
9718
6466
3950
6809
1009
1997
2966
6397
854
2561
7097
6764
1442
5710
2213
7196
9344
8755
3253
3398
5699
6849
1067
3470
2253
9646
636
4715
4090
181
1208
8005
1116
5946
9092
396
7219
571
5254
9748
937
5394
6812
7454
135
72
1578
8147
6440
3956
8254
7641
8888
3456
2354
8648
4456
3180
7197
8438
6385
5964
7158
2174
418
1484
2870
1440
8199
2676
5640
1186
2952
7767
9408
5923
1948
8901
1126
4784
6872
6705
4798
9136
4009
3452
356
2986
7689
3648
4105
7494
5808
9865
1013
9473
6347
477
3384
8442
3602
7245
3089
3081
888
1523
8857
3599
5764
3259
6205
5881
6983
3663
4327
4990
8569
2458
3688
1240
3813
3758
4980
4991
4381
80
1337
4673
5883
6705
4381
7390
3462
536
5252
831
9037
299
9083
134
9187
45
2020
6577
9719
4785
2270
6712
9038
1500
6336
1750
1200
4761
4545
4581
8204
6646
7991
9778
3448
7339
2491
2591
4585
2555
6373
6279
2123
8690
2970
7500
8125
8687
8190
2220
9245
9900
7735
8194
1563
5512
4080
4905
6285
1909
6982
252
7119
9757
4915
3336
1860
8064
1252
6323
6397
5912
2329
4917
6373
1341
1929
6468
7591
1013
9616
5903
1756
6883
4694
3424
9301
7760
4748
1828
2129
4519
6694
1431
2987
3946
1072
24
9348
2723
8494
4652
5272
340
5012
4222
2976
5664
3262
9316
9187
2482
1261
2717
5273
1883
8239
4934
9246
5562
233
5116
1471
6803
484
3211
8261
2642
7042
8549
3867
264
6043
7487
8317
8708
7624
357
8831
2718
1723
1262
6167
3772
8297
8650
7400
3847
4085
8199
2844
1928
5995
4259
3277
8716
2965
2700
3856
1415
3421
643
9006
6084
7248
6559
96
6107
5547
6014
5223
9835
1589
839
2470
2902
4633
5130
7596
7324
5038
8664
5282
3088
565
6767
9053
2295
1742
6030
9344
670
4870
1207
5185
2555
3185
6818
9766
316
2705
6622
8252
9644
2929
2642
2036
5828
7872
3874
5530
6990
2461
2957
451
8164
3355
4915
9139
6935
8401
1492
5961
4316
8673
484
2567
2192
9506
5754
8433
9933
8093
3096
9073
4485
5665
4420
1157
3930
643
9957
8534
5856
2005
6250
5285
6746
5297
3604
6068
1105
1043
2387
8287
5987
5297
910
3861
9880
9143
9660
583
6576
8627
7552
7659
8985
7850
5730
3933
92
4837
3431
8787
614
700
290
5420
3892
1308
8436
468
8536
6520
5999
7110
8553
4410
1529
2351
3271
9300
1596
187
5707
4984
7322
7310
4380
5376
9038
8881
4254
3162
6461
1366
5253
1940
9339
4698
4920
7472
3961
6055
4369
3956
9580
3411
4000
6545
2490
7112
5887
3485
4398
65
7873
6463
4763
5389
3827
3063
9692
6755
2148
4423
9817
6611
9105
9138
8535
4117
5865
992
3079
6096
2255
5275
1518
4600
5534
5625
1700
6293
167
4998
7157
4989
4917
7772
7126
8461
3922
962
3746
6953
9042
7055
2322
8765
3981
2682
298
2975
9947
2976
9312
4500
7639
2672
1400
6475
182
790
7915
7450
4145
6402
8758
739
6621
2388
3983
8242
9916
4743
1122
8646
6540
3687
8569
1769
8574
5552
3978
1102
785
3989
5658
5670
9421
6489
7023
943
4427
7325
4100
3242
8081
6807
5573
4199
2300
9467
2954
2767
2678
1160
6513
2382
2631
3010
1492
8491
7351
6840
7177
7877
4193
7026
6424
6156
2260
5560
5703
409
5891
4049
6401
7018
4732
663
4454
5758
3782
7331
1228
5673
4755
2331
6563
9125
6677
3621
2390
6166
9421
3926
8572
5160
3198
3259
8222
7895
9024
8099
6308
7931
3441
4407
9753
9982
9558
599
13
4635
7807
9699
8904
3524
8184
8610
3963
7872
3883
579
4723
6351
9187
3373
6871
540
7052
9669
6785
8670
2246
2092
9114
2282
2408
9554
1789
6489
930
7307
3421
1794
6282
9292
9074
1123
6808
3923
4063
7185
3885
2176
7263
8250
5214
3315
9502
8131
1583
3219
5636
1443
2762
4600
28
7835
8366
9606
563
6464
6628
1703
91
7799
9485
9732
9855
8523
7768
5232
7569
4366
9760
4833
9247
8314
753
7259
149
7939
8251
442
5995
9019
8431
5979
8175
6513
2230
5000
7182
4871
1281
367
4283
14
2651
3871
6546
5200
9131
6222
3878
6650
3734
8201
4758
3348
8017
9384
6015
8174
3476
2621
1371
4073
41
1113
5015
9296
8516
3436
6578
1137
93
2439
2721
971
4568
2159
5055
8629
3174
5937
3330
8281
740
284
3833
4348
8705
8431
6641
3434
7614
8400
9607
8018
7165
7462
7767
6956
8572
5044
1443
5635
9867
6147
1360
1747
8616
299
8970
2607
9452
6349
4552
1503
1375
9935
8074
1141
1798
4149
4335
2187
3389
3624
8803
8074
383
6470
9909
3993
4258
2199
6182
8816
1728
6791
9405
6376
3231
1380
8840
8338
2450
294
9789
8704
2569
4901
4879
1412
6788
5036
8860
6467
6549
5897
7043
7637
1698
2733
5843
43
6602
4838
9310
4702
5727
9766
3772
8576
1857
1904
9692
4321
2924
911
9094
4961
2391
1715
8059
9580
5934
3929
8206
5479
7050
9205
5996
2150
6603
7343
4534
7063
2071
8679
6127
1486
1741
4230
6209
6798
9746
5939
6042
3473
7213
3470
5076
2676
4318
3964
9651
7362
2904
544
1847
9516
8688
6786
8321
2866
2701
9935
7314
3296
303
7997
4174
9335
9421
9913
5456
7942
7543
1263
8103
3638
377
6805
1118
4735
9152
1461
2842
1482
4087
5381
5628
9668
7499
2292
7062
5980
3501
3155
3706
1946
8501
2109
9902
7995
3620
6341
6524
8461
9826
955
9942
5331
3653
8906
2966
6101
1139
8609
8660
1176
4399
6123
1713
5973
3199
142
1679
5321
2414
2173
6963
281
7294
2906
963
655
629
7212
7850
2357
3144
2488
1419
7469
197
3999
6370
1226
8890
7444
9317
8383
1299
2568
2985
9586
3856
1348
5121
4749
3813
3794
3842
8977
556
9737
9586
326
3541
4227
4622
2932
3597
6748
4090
7495
8924
9193
6340
4499
504
3395
5314
4084
3304
8639
1577
688
8195
6763
6591
587
2406
743
5160
6
7508
8861
8045
8006
2071
7150
1740
3180
8501
7259
9000
8678
6511
4508
4336
8258
2691
1249
8253
4490
225
8467
8197
6641
2890
4038
9950
6472
9668
942
3180
5709
7962
6730
5098
5120
7856
5073
1191
9123
2069
8504
8440
862
3025
6925
6956
3853
1245
7491
4717
7158
1682
5786
177
602
7626
9178
6864
4584
3187
3740
2592
2760
9842
2309
7341
1403
6100
6624
5412
8956
7871
6231
5950
1091
3831
2414
778
1206
5532
1772
7603
8716
1809
214
5729
7552
5015
42
5595
9294
5768
309
8330
3677
6208
1457
1528
5289
7974
3263
1415
7964
6392
3196
5695
9576
660
8339
607
7779
9859
1360
2309
624
463
4972
3272
4422
6518
8090
9122
847
6503
44
4156
6863
9017
6707
8993
5967
1386
5041
6436
69
3701
3244
3854
6354
717
2898
8335
5095
1558
7300
3894
3973
2403
2432
1564
2240
2281
1135
7962
8751
8083
7495
906
4194
7919
9918
3851
8080
3317
7820
9631
7037
5336
955
9263
7876
1301
1406
4254
5607
4072
1659
5434
6784
6607
2982
2191
3186
1574
7980
7733
9665
4064
7993
8218
4443
7687
2342
5067
9841
2283
9986
4475
4310
4966
4908
4310
2531
1649
2202
8175
5365
2287
9450
2902
1156
8151
3362
37
736
6191
3125
4249
7834
4387
2053
5902
5996
8661
5552
1492
8390
3439
9001
4637
8966
1780
8403
4136
6915
2868
8588
2056
5958
4622
6916
2045
3990
4704
328
1652
2703
1754
6191
1466
3534
8016
8481
9628
6363
542
5311
6986
7618
5446
5555
3001
6192
6420
5685
9736
4680
2515
3078
2427
6031
1961
9901
1923
2026
8397
7308
638
3841
5625
2222
9658
5136
7482
3407
4613
9210
4612
4552
5809
5003
3747
261
8883
4232
7420
9141
7610
725
5378
4046
7036
8419
6052
602
3964
451
435
3682
2840
8652
2594
6709
5647
4469
550
868
3504
4415
125
2814
109
5618
4667
3491
5695
1507
639
3895
4131
7966
1604
1974
4001
8630
4739
6974
7677
6774
134
5293
5718
915
3783
6088
4060
7680
8375
260
7664
2125
7483
6677
6483
2206
3089
6673
2080
5843
9328
7024
7397
1209
1981
8099
2588
6236
3962
4174
5657
6375
8585
3811
2108
7194
7662
2011
5238
1287
9842
1556
6424
9833
7220
9362
2998
3489
9322
3347
9163
5758
6261
8628
2054
4536
6914
2665
8146
7609
4701
4189
3236
7913
4992
5686
2765
2357
5225
5683
528
3595
6858
2934
4221
629
1306
9560
1643
9487
9417
8717
1140
5863
1888
3061
5114
4048
9847
28
9607
6162
8576
1023
3907
2305
9264
6187
7759
2841
7406
4084
7870
7795
7844
766
9331
7303
4851
252
2052
366
1027
1795
2926
1490
9159
5673
4867
7636
7087
3504
4911
2041
2039
6905
328
7779
6461
3974
7588
1928
8288
849
4772
4881
163
9186
3197
1265
8241
4993
6199
5104
9195
7928
1151
5555
2477
3220
1623
8345
8430
2472
8878
9332
8278
9454
9226
386
1274
8043
1392
9944
7027
5390
9686
6490
2636
3893
2305
3545
2378
539
9768
4649
7558
1906
7609
9358
9798
3561
1529
9363
1482
986
8999
8246
9473
3523
7274
4243
5052
5214
4761
4700
3818
3968
905
8386
2531
9194
5233
4386
7184
6943
3673
3951
4071
755
9841
8199
629
9852
2350
9765
4068
7817
3679
6579
3244
6699
7358
7226
8390
8099
7457
1448
6203
8058
1968
7628
2507
103
4834
7616
4025
6689
2144
2932
6739
9697
9451
2819
5280
8610
313
8372
7522
6120
4874
7919
7564
5834
5817
42
5453
3742
8046
4848
9545
7376
6352
1213
3928
4142
2071
1736
5048
9539
1888
124
5630
8734
6730
2005
9194
4974
5390
2820
8184
892
347
6543
3507
6421
1695
632
9140
9907
7361
3144
5144
9383
8795
1096
127
3621
9574
7660
5617
2779
6061
3356
2187
7935
324
81
5831
8197
2241
4040
6122
2522
2088
1637
3766
7456
9940
3960
9056
5686
3601
7189
9692
1554
5783
9874
8740
3022
6721
5890
6247
9741
2028
9448
7534
3224
363
1099
3563
9866
407
5957
8298
8004
1763
3751
761
4557
6477
653
8436
4346
1665
7897
8841
6486
2792
7311
346
8750
9037
1276
464
1276
272
7316
2669
6397
420
6023
6778
8577
163
3295
2735
1903
3153
7864
5105
2354
1821
1036
5637
9556
5876
5034
9283
8006
4208
5762
8069
9401
3710
3440
2159
6204
2509
1971
345
1058
3746
265
4520
7471
5865
3785
3467
7807
5270
8556
7312
8643
5625
6248
7414
4793
607
3483
5886
934
965
4561
4299
2979
1176
3153
4280
8354
9192
986
6968
1963
1035
4214
6041
9031
7661
4712
4610
3048
5157
2871
9867
2403
2467
9223
3116
587
7110
2608
6526
5627
6378
1533
6605
6400
4718
6132
7023
945
7156
3613
3598
7452
1649
7760
8481
5582
3396
3039
7113
9454
7859
9742
647
7238
1409
8283
4187
4143
5420
2285
903
3337
5923
781
1729
2884
6949
9963
1944
1901
1125
7903
3182
1640
4489
2413
8756
4215
3473
3524
9075
5476
1348
1571
1286
433
4902
8712
4709
3145
4231
3783
9885
1762
4405
8403
1339
1634
5249
9516
4631
7451
6303
3189
2445
3477
3271
4576
3926
4710
4968
1225
1589
8944
1452
8044
1502
9319
4167
1539
9969
2749
7849
960
7892
9788
4355
2724
7870
9056
8678
4409
592
7727
7527
6914
9054
8133
7790
7357
3883
1072
1406
2130
9907
1189
6335
7372
6465
5965
7575
1232
4161
3247
999
3614
400
4043
2641
3411
5663
7664
6552
1448
8759
2283
1391
9531
6150
4446
8660
2729
759
1336
3670
756
5536
8150
3552
9766
1077
1878
90
483
5306
2675
6117
9252
7189
6530
9252
3205
4882
7480
7546
2764
5504
4918
3054
8340
7688
2802
9915
2086
1598
5715
5636
9635
2849
9208
437
8481
9996
7382
2068
3087
7423
2797
7670
6198
7879
8677
6174
9486
9913
8762
4113
6090
6271
5825
9653
9393
1961
4614
3208
1754
2213
4772
6348
8483
9321
2992
1520
3886
5516
6546
4522
2153
3556
2864
1680
6888
7931
7273
9269
4801
8667
2635
8369
5332
1368
1986
5706
7397
4173
7646
8110
9719
2542
5807
8803
4183
2044
5504
8469
7826
3896
8541
7390
6276
3359
6626
2261
6142
8691
8705
4829
8179
7290
4943
3293
5167
8431
5836
1472
3685
7191
8334
4003
707
3198
5881
7980
4356
5168
6989
6938
6546
4947
6315
6167
8341
2465
8053
2425
6925
7780
5090
5480
9864
8490
9754
6219
6752
2696
4052
3291
5828
7707
2794
8889
9089
8921
8325
5483
3373
5494
9355
4161
2945
7507
5473
2342
1472
9952
2206
6498
2840
8242
6815
7132
9667
2576
2448
461
1098
8535
5437
9600
3559
5038
9286
5333
4598
4164
4952
9781
8312
773
5854
1711
9171
9787
3987
5857
9369
6768
3874
5843
2706
7090
2508
6205
4153
1152
693
184
9105
561
4460
7154
3506
2756
309
7915
3044
8289
117
9404
4774
1550
2393
9816
4076
1150
9412
555
9203
9541
8515
7151
2817
3430
4478
605
1902
829
1357
8688
2777
2344
6596
4693
1177
2016
2509
1327
4561
2085
5760
2695
8878
3960
8274
2368
1008
3362
2472
9752
7138
6177
9350
3099
2088
6932
1576
994
8677
3243
715
3704
2278
3889
3785
461
943
2998
6208
5524
367
2821
1134
503
50
7956
2204
4314
5875
2314
8019
221
60
7787
271
2859
5836
1406
7534
5791
1491
8735
7893
6118
3229
7537
8176
9055
8552
1947
52
6927
8004
9795
8915
5442
4583
5417
5034
2571
4602
4634
602
5469
8979
7925
306
1330
1631
4137
5781
9176
684
4445
8893
156
5248
6266
8684
1998
6362
4307
683
324
499
3973
7761
8555
1760
6521
6833
7431
983
8422
9297
1900
1356
4387
1330
4581
6359
1146
2561
8370
4675
7016
7513
2543
3573
5025
7602
5886
8263
8049
1178
2359
7776
9741
2334
1718
1682
6936
6214
6546
7456
1698
667
3454
6986
7514
4501
4953
886
1972
7349
1072
8141
1605
1307
9474
6383
3515
3669
7092
7332
2282
6405
8299
928
4529
5982
4759
5665
5867
3867
6832
9912
2146
1932
888
5506
4685
2637
2367
9586
9450
5221
422
7325
9959
9032
2427
9794
2938
3433
9315
8708
2273
1600
5926
9669
9604
8180
9123
1040
3270
7541
4228
5555
3626
4152
3997
9224
5793
6864
718
3822
7122
9221
3768
5257
3859
1380
7452
5730
5972
8131
6879
8716
8939
7871
4586
5493
5081
6532
9901
1237
5100
4872
1507
6438
7758
3732
497
2159
442
8256
3161
9343
2574
4810
8011
9507
7756
8595
474
8532
1643
8854
1820
9344
155
6454
7595
5171
6118
3395
3594
6737
6785
9416
1105
4275
2146
3940
4073
5356
7883
99
9907
8583
3012
3240
8754
1615
1239
5849
4185
2554
3429
6295
239
2483
7478
9769
8047
899
9662
836
8700
7547
266
4537
1538
4720
9210
7451
8135
7459
9625
8795
7505
9580
9463
6194
625
8242
9751
1978
125
8378
8612
9721
1627
4122
8335
1355
7144
3497
7924
5628
2041
4773
1963
2383
8841
4543
7066
6333
1586
6967
2071
1741
5207
4384
2266
5708
3165
3040
7969
9626
9657
263
1806
2417
7460
3833
4443
1666
8524
489
8638
685
1556
8307
1607
4237
8764
7462
1014
1039
3931
1645
9001
1149
9176
5849
1555
8059
1528
6605
1305
8620
1890
6549
6086
8930
9119
9491
4878
9904
9693
5351
8511
1134
3074
7147
2819
7033
5053
1928
8018
2372
5928
8665
565
239
8378
7562
1845
6578
1001
3500
3842
9942
2252
9544
9103
1616
5886
3773
9019
2795
8639
8936
8875
5057
1669
3231
6434
165
8369
4858
8146
7056
4172
2846
8460
919
4655
7687
8788
8437
785
8306
7920
218
1787
6596
591
2639
3352
4123
4966
213
7432
6655
4533
7930
2404
7795
2873
4007
1291
5566
4410
1688
5803
1985
7509
1944
1660
5829
7332
4953
6198
8738
4744
1277
8866
526
249
2437
2702
3424
9716
6803
6522
9600
8451
2557
4016
5837
9963
3313
433
7274
1455
2991
7161
7446
8129
4920
2692
2038
2985
2081
3787
5905
7582
1172
9735
2312
8785
7411
2182
3329
4809
9641
8746
2367
8696
5519
2686
3087
6157
7608
9109
4480
5347
7402
7963
6560
6023
9961
7261
8848
9895
6450
6612
4467
9509
4849
4300
1256
282
3967
3219
2881
88
8235
3084
2928
408
6420
8883
2045
7314
9424
5228
2374
331
1548
4836
4756
5465
2721
7497
7333
6625
6863
693
1692
5761
8057
8869
8209
9610
956
473
614
8341
7741
3652
2039
839
7166
1570
8637
3599
8445
3513
223
460
986
4153
4901
8987
6610
589
9723
7805
7820
4323
2767
8616
7248
5080
5463
1972
3871
1020
2881
9942
995
2917
7401
4825
6884
5376
8864
9816
4451
8354
5983
5352
5495
1388
8265
4194
2737
5533
2389
7118
270
5841
2304
1467
8250
2119
4302
3852
3803
289
2969
1068
5521
7445
4520
5346
9559
5248
4333
2207
6166
9097
4891
3540
9799
4371
8097
8849
6803
6973
7400
6169
3433
2388
2101
5569
1754
1496
7323
2582
3685
3483
1840
1934
6650
2454
9754
3446
4493
9478
6694
6939
4442
563
4677
9125
8015
8465
372
1341
9242
9584
4198
8336
3983
5358
5088
2187
8518
9693
7472
822
9168
8222
4251
7645
5620
7020
6274
8649
5146
8326
272
8686
4866
5188
4771
9661
130
2939
3364
5642
5035
8603
917
264
2534
5077
1894
2016
6913
1482
3747
1552
9616
2799
3806
960
2833
6333
5044
8047
5120
2085
1599
6316
1060
2960
2120
8994
7492
212
870
6235
1226
8322
5815
4821
3954
2044
9946
1761
5470
8421
3607
6088
5498
5521
9596
9432
7990
9995
2373
221
9030
7317
3606
1387
2114
282
6536
4278
5738
5344
6974
4020
4234
4841
3634
2507
2150
4696
7073
2709
7906
9888
3808
8146
7777
5208
9210
812
2552
4683
1399
9717
4141
9837
9434
9260
6001
3111
6183
7823
2392
8403
7151
8411
2993
8547
6921
9742
9638
3868
4815
8093
7730
6480
5250
9986
4521
1833
6027
5662
1897
6497
8528
4604
427
5982
9006
2101
8070
3483
7177
6768
3536
9778
7278
1345
4578
38
7424
7618
3463
3644
8119
6096
6960
4185
1778
3660
7751
1958
996
802
5230
6721
8258
4454
8820
8622
6296
9898
7395
6666
8867
8524
9753
7552
9918
4796
4848
228
7180
4572
3068
1612
8398
3664
5505
911
9218
6228
3855
8917
2345
109
5179
5518
259
8823
7739
8880
7337
5246
9037
4408
1207
5817
6660
4049
2164
6544
4160
8498
6015
9646
7354
6577
1080
2049
7353
2853
7560
8190
6947
7658
8958
594
1492
9854
2950
9684
3364
4344
5416
5222
3336
1640
7131
314
4599
921
9812
6736
9159
5971
8623
3325
7204
8254
4760
4248
5532
5104
9719
6831
7690
7159
8854
6790
5372
2179
4864
5295
7235
6650
6999
9717
6520
7391
530
9378
1158
2461
2145
8129
7751
7645
1007
718
9086
8071
7555
7801
4830
5620
5203
3721
6805
2114
8629
1357
6969
8754
7107
8974
8542
5547
4843
6048
6464
8209
4640
8711
4723
3808
1296
8054
2869
7890
9891
2307
7773
1136
3293
311
578
7205
6848
1601
9466
4750
3537
4810
4446
494
1589
4707
8198
1390
9015
8954
838
4034
9817
940
1700
86
4101
6772
8469
8455
7983
1650
9188
1070
8425
3974
8846
23
9618
6363
861
1456
1100
3362
7966
6285
5064
4963
9505
6008
2513
1592
2973
3877
5233
6325
1101
1380
164
4847
1739
6192
6791
7933
615
1412
7020
9308
3509
9421
2477
7596
736
4139
5499
9528
7151
6929
8946
7107
5186
7403
2906
3677
2008
8415
5501
4950
1041
525
6192
3257
3771
5040
6112
5353
907
9078
4714
7754
1210
6172
4214
2214
1834
8147
1841
2608
3443
9807
2102
3077
7230
9181
345
494
765
6036
2032
7378
6261
1077
5597
9833
3737
573
8364
187
4532
6153
2502
7142
8610
1896
5984
7727
124
7628
9315
5583
2175
4986
1304
5663
2296
4754
5360
4719
590
2280
269
4911
6603
1056
5313
6529
7064
9609
1489
4677
6565
1024
2197
2500
8338
9733
4031
4937
5164
5690
4229
1065
8855
1224
1021
867
3572
8972
9252
5331
4880
5311
8138
6672
5578
4035
7742
8565
3342
633
210
7677
450
559
9019
8647
2892
9254
1959
8393
494
8354
2058
6241
7727
2475
6263
519
7255
1841
3464
3934
7687
6668
1995
3337
5411
4113
1001
762
4701
5632
1395
5750
9535
7978
1387
980
2533
273
6012
6276
3333
8711
1959
7004
4555
6056
8556
8142
1829
2356
9649
8165
183
8996
6626
526
6652
9310
6053
6548
7579
1796
4136
1027
9618
950
6778
5326
7473
3592
6002
6268
4197
414
3120
8237
3567
5091
239
7083
2912
7129
6963
1564
3972
6219
52
4371
9801
8719
6599
4294
4826
2871
3926
5882
2428
8902
3963
3162
6068
7007
8558
8167
5810
2185
4392
9769
5919
2480
132
5300
3615
8325
3697
5126
8610
7173
9542
2972
3245
1719
5987
8084
383
8494
4255
8942
3779
8798
4147
492
7058
2844
5075
1400
8417
2606
4004
2948
7598
3746
7663
764
4099
3547
3312
8968
565
3445
4315
2861
5932
3786
396
8516
8894
5069
1369
6034
9946
2835
8230
6678
2526
4385
4565
2242
4262
8753
4440
8289
4514
7758
2692
2582
306
5983
7636
6485
9088
7025
4999
2171
2826
588
2823
6167
7755
3671
7511
9772
4246
2840
2280
6943
3966
8308
1464
7579
2244
3092
9031
2116
4189
6328
279
6264
3647
1093
8112
7809
825
9451
5054
3400
4973
3266
2264
5923
5994
9506
8013
8655
778
7409
1836
1033
4468
6950
6320
246
7023
4365
8438
1314
7349
868
8445
4821
5391
8018
4089
5762
8498
775
836
1129
582
1183
2882
6796
3823
1088
655
3871
6602
3986
6055
2984
8614
4830
7793
1862
4780
4015
3305
1790
5292
9558
9929
4017
4725
6713
1987
8265
5761
27
6461
7442
731
2087
5674
8949
6190
2870
3457
1968
5803
976
3644
8001
6598
6751
8607
4417
4366
3774
451
9518
7975
8049
8702
4272
8678
4271
9745
4333
5176
8185
9886
8647
5135
2574
5523
9747
650
2999
5432
7926
9840
5614
3104
4760
7129
156
3631
3114
4041
5279
8889
8931
2474
2570
6019
8598
4085
3318
7432
1791
1292
7255
9322
3357
8071
425
7107
7130
5721
3577
5078
3284
3694
2944
5575
2256
8899
9082
6372
5141
1970
7061
4783
8499
2153
4549
1209
839
8582
3380
5020
9654
753
3607
3572
3750
5190
5483
3484
8364
2477
4286
897
2784
56
7595
2117
3966
7304
6941
1378
9701
6765
996
6360
4466
5272
9654
7429
9815
4462
9596
7392
5748
4539
8365
6354
9015
8720
8761
9890
9648
3116
8523
2220
8765
1890
2321
1709
885
7036
9016
4109
9504
7196
593
6697
3651
6187
9168
2156
3082
864
883
9913
2637
1022
5711
4536
2917
6266
6437
2106
4856
5464
1956
427
2319
9649
1113
7332
2953
8035
9329
1177
8921
2901
1439
8341
779
4101
7544
864
1876
7761
3563
3115
694
2910
4575
9416
4482
7048
9381
3544
4200
2566
3581
8594
1258
7545
6228
1005
5712
1905
8026
6299
9012
9788
8082
6754
2157
8060
9714
9927
6617
1924
6330
6313
8515
1359
7314
6520
3636
8220
8380
7856
9205
4698
3801
8694
3075
5548
7224
4077
2507
3450
7736
1205
7461
2660
366
8289
9294
1379
1746
8228
8189
2925
2436
1848
5895
5860
9068
5722
7373
4861
6911
389
2307
920
3117
9241
8236
4913
8375
3768
1121
8209
2335
1325
5376
5377
7960
6057
1569
4893
6668
7051
7892
3825
3211
4859
9686
2115
2337
3412
9811
5564
6657
2204
8997
9412
6077
6721
1306
1177
8088
1441
5939
524
898
7238
9001
4584
3394
3964
4379
8959
1059
449
6002
8243
7061
2744
6677
8510
6708
4169
8312
5359
7990
7656
8239
2882
6781
8401
5105
1770
6700
4301
3608
7597
2311
7380
6404
7196
723
5119
9983
4958
1276
6712
6171
5768
7893
9073
3944
3163
1098
2717
7138
8697
9554
895
9206
7221
4928
8925
4453
4615
1817
6928
6930
7737
592
171
1909
1714
2556
8166
9106
8380
4907
8438
5731
3747
3616
9210
3522
5228
1143
676
9875
8943
922
4034
4270
9827
5436
1001
3082
4981
8258
8253
4133
3653
1698
8207
7264
8573
2723
1876
4551
6014
5636
1933
6431
2824
3128
4856
2663
4758
47
7363
6689
8756
5297
7896
8442
7519
7651
6345
2709
6039
7419
7305
1798
5459
96
2821
6905
2433
9195
1197
6387
1880
1450
9683
3777
8044
8915
2991
7597
8717
6342
8092
1167
3453
2587
9955
4127
476
714
2354
3512
4146
9497
2632
3144
9560
4240
2592
901
115
1688
6023
9962
94
6258
5803
5870
6402
709
7395
9093
8373
9695
8293
5760
6077
2524
8376
9616
9423
9588
5510
5960
8649
6879
4141
928
5480
7092
2099
8342
7510
2239
6132
6559
9059
2144
1034
5435
9839
1232
2807
2614
8130
3631
7009
1290
1800
9913
7850
8306
1532
3591
523
6618
880
4865
6733
7458
1270
2977
3812
8417
2271
5043
2377
4998
7309
4088
594
4986
9398
1258
9776
4721
4920
4410
5268
8688
515
5461
702
1656
1464
5461
6196
832
6044
4627
3772
1105
6872
3003
3862
986
4529
4680
4985
1284
8783
6270
2521
2368
9292
4726
5793
2189
2682
3300
1138
4806
4977
5908
2376
4759
5589
3059
8789
5759
8752
1610
7629
1697
641
1397
9070
374
6096
898
9865
7437
7868
4485
2513
6850
2131
3304
4415
4796
110
5824
4112
4111
2679
7163
428
4706
5000
7957
5763
4860
9569
6985
8309
5112
3700
1365
8798
9479
2289
6374
8509
8372
6713
962
2912
2754
7714
6549
3374
1634
2534
7107
2656
6209
9624
9309
2493
9678
9940
1118
6192
9897
8034
1973
8328
7815
9479
7261
1708
5346
7639
4551
3065
7022
7707
5417
8185
6358
8378
2192
8913
7460
2616
8913
3800
3023
7832
9214
6815
2719
5727
68
8738
9004
7511
3328
2841
4948
2700
2642
6395
2348
8823
9641
9600
4798
932
2974
5360
1392
4402
4045
3581
789
9638
3470
9403
8029
3804
546
808
5416
8204
4089
875
7783
5701
4400
9677
243
5448
1927
5166
3991
6884
4001
3830
6648
2329
5621
2042
3094
9483
4497
7542
1098
5845
1822
5533
5151
8951
5854
6762
9661
2574
914
4737
7296
2383
1944
8264
2311
4575
9826
7116
5177
7618
1186
2209
6050
6702
529
6537
8154
859
7327
4288
6823
7737
4500
2050
9833
6398
2405
2889
7683
9067
4962
6103
4138
9178
3917
3053
9941
3350
6949
7030
2132
7606
1920
6547
5406
4263
967
5571
6050
2213
4299
5278
4351
8870
1061
6238
7887
7044
91
2331
7454
3733
9903
8114
232
6537
7617
3953
2816
5391
9669
5489
1854
8403
335
6576
976
6616
3259
1403
1681
6750
4649
4516
1462
1392
7605
8534
3685
1053
9573
5730
8945
6081
1003
5428
7424
6400
5162
9495
6781
6494
7926
1154
8409
1790
6644
7934
2397
6021
7152
6532
6554
9289
5774
5576
5281
843
328
4876
847
4142
8710
7314
8592
6436
1675
6755
3541
7620
7420
8773
5472
2393
9163
5051
2267
3306
4674
9023
9304
3537
9532
7813
5059
1355
5869
444
7508
4155
705
4934
385
3755
178
6177
4608
2832
2515
529
554
1384
6345
3404
3659
3459
8330
6242
4726
3067
1373
471
3494
7490
8833
5439
9279
6231
1290
8117
6866
3748
357
1415
2159
2742
9261
4833
5909
3050
2902
7204
8805
8721
7415
9219
3317
2639
4005
7722
2672
3110
106
6300
4666
810
5508
5815
4178
5937
9641
9478
5184
2121
5657
9843
8509
4005
2700
9334
6482
2662
1322
4559
2377
1522
9641
668
8816
6691
2481
8039
1132
2958
636
9440
4281
7071
6841
1186
6991
1950
287
1108
4337
1472
4030
3070
1072
620
5138
4774
6076
8087
8241
7046
8650
2943
9331
4012
4720
1585
6082
5166
1565
6184
6423
3559
1239
2435
8755
4083
1452
1489
5999
9843
8586
4875
699
717
4362
9758
147
8819
5382
3907
5008
7214
7372
4973
1434
7830
6362
5679
5787
7841
3497
4375
2255
6407
1207
3723
5496
5709
7980
1070
4733
854
7902
7903
1698
1586
1600
4799
6147
5921
5781
6125
5307
7385
8242
4431
2737
2304
3954
2591
929
3638
4579
9264
3785
3233
7645
7803
3722
7383
1539
7514
4430
2834
7506
7216
2057
1011
5542
2180
2439
1574
7228
504
7221
4493
4498
730
4540
283
9483
5494
360
9216
8463
7798
104
3500
7422
7095
1645
9554
5333
4457
8885
1290
3801
7826
6353
8467
6961
8192
2
9811
5168
9690
9619
1516
5007
4769
3536
8206
3498
4632
1636
8931
2177
9965
5520
2122
9070
3699
3527
1187
3238
6189
9222
5172
3000
41
6449
5526
1779
1463
649
9007
3829
805
5497
5596
7773
3241
8512
7723
6434
6377
1673
7523
2940
7546
8837
5072
2928
7747
2859
239
1594
1597
9269
2674
7907
5081
7004
7728
3153
9038
9182
9148
9486
7246
6939
9232
2896
5828
1616
5415
3607
9981
1770
340
966
7632
7372
4802
5689
858
9964
7320
6085
5546
7479
5784
93
9430
3573
5845
7616
8953
5671
3631
9983
2841
5277
9917
5996
4297
5444
5109
8271
4104
8700
2922
8994
8835
2120
1091
5884
990
6527
5060
3515
8362
7215
7532
9418
7044
2145
3898
3458
4778
2487
5372
1645
5611
3682
9205
9333
1641
225
7210
8331
2797
9219
2842
7684
7672
5773
5240
6606
2386
8056
8630
4080
1937
881
2687
5167
4758
9492
8321
7773
5591
7939
1078
6907
5781
4959
5758
8800
6779
5754
2650
3026
5858
2403
775
5168
2226
1888
3332
1874
3401
7994
1282
2184
1217
8770
8344
64
1906
370
8352
2899
1556
6430
7954
2047
7870
8248
2282
4959
4832
851
7368
2309
2281
8240
8421
5978
8694
9732
5677
7405
6600
9643
925
4103
1393
933
5241
4144
8666
1886
1338
4362
6820
8860
5859
1162
665
1745
6447
1847
7422
3920
5881
6203
5256
397
5656
5078
9799
1101
7892
5154
3075
2429
8057
3250
450
7294
2615
7731
388
8365
3731
3620
8027
4961
2846
2018
9514
2446
3936
6988
8552
7254
5633
8614
385
6063
4532
5864
554
9168
1008
7670
927
9765
2172
5115
4730
785
2854
750
1586
4323
7008
8663
5550
4114
5207
8139
8276
7570
881
4706
8739
2568
6531
8538
857
8202
4397
8677
4130
1183
4963
5277
670
1126
7496
4279
8909
4259
617
9253
3081
644
7507
6710
6688
5394
8194
2760
7229
3698
8439
7950
146
283
5044
4668
8548
2178
4552
9631
8723
8624
306
7658
3861
6662
9091
7450
6270
423
9061
171
6237
6979
4722
6516
6182
4213
9362
7278
5223
1362
2276
3282
906
4497
3480
9263
3014
8442
9223
9963
9938
4839
6816
8273
3239
615
7472
3161
7057
17
4045
7749
5746
4774
927
6567
1395
895
6364
9664
3208
54
6782
8163
8558
1840
1938
24
1827
6759
8064
1229
1458
134
1266
4935
6090
5390
5348
7494
6171
310
3814