99868	92454	31273	74588	90010
52036	73769	68941	83205	89689
11919	4394	68148	69828	26228
4137	912	16928	58142	89512
18555	93316	85977	62220	18215
40171	73244	43479	24327	92013
8608	93977	99246	56060	41411
49636	27455	60219	66003	42326
12677	63600	8830	21499	19195
57450	1158	17049	61081	69948
56201	91312	35558	588	61666
34491	60412	54201	52731	54796
42812	8835	57794	60618	81562
74650	85242	53269	26645	53702
5891	93325	95789	97528	50248
68392	73738	38551	66516	97891
63283	26927	91284	38989	42601
99622	97310	37368	76987	38945
55953	73749	89081	71120	41911
10828	10915	65860	77394	41994
33564	54728	23069	31377	64856
22491	10327	28665	28931	71100
56079	91151	38898	33956	32073
82152	48728	93601	63605	87731
54398	51068	58541	13956	77718
17354	19498	85668	78588	93924
72270	81185	61732	34068	62355
51436	97628	68167	85959	59080
7721	4033	56288	11453	88900
91226	67860	36043	38229	71627
57716	79679	37409	55598	31479
91657	17064	38531	10013	71607
25148	36621	65190	96653	31086
23649	70701	42784	10887	20045
60963	43461	71331	38234	35815
40167	95780	27128	90691	69405
98279	56053	1604	32642	25324
15784	63484	91690	10044	77152
36137	83519	26744	39667	48816
795	82145	46328	26884	84676
59026	38118	22575	82193	39672
83996	84573	92171	55926	9034
90672	53047	51143	65740	96077
35529	32050	71091	84161	78576
43200	72201	47229	21766	83099
50181	99656	99843	94879	4735
60049	23833	50208	12297	49435
65664	80186	85342	83214	26687
29042	3492	53332	27418	30535
66176	60206	37710	99865	20394
17973	4318	42969	47231	47880
98205	12462	45172	66496	24916
71541	40289	54718	28251	23455
36334	17985	52393	90058	55115
88704	91678	20954	91256	63242
4682	2802	77480	39695	1065
9986	36415	5855	55271	65697
29875	79270	23144	8692	83435
27444	98104	15847	4410	91945
80282	1791	43070	44923	15328
54158	83162	46935	70934	14708
5308	32422	64038	83420	17887
57304	57680	55571	27540	89999
57358	22549	68817	90538	60813
53472	23629	35614	33614	93338
56168	95817	68680	61883	77967
16306	26476	17278	99645	19377
81556	19826	70585	59725	2634
13470	1475	54347	60299	38927
91215	93882	23999	692	8321
91166	14946	18933	50308	20844
83065	85244	90328	69455	63848
11477	11833	27107	21684	9102
67048	61890	81522	93689	5249
11414	9463	27054	41913	99369
23825	10639	8787	27403	56367
25651	26176	72802	74209	23350
74179	54227	17269	79909	14191
56809	24107	69360	98235	7950
71478	86527	60001	73635	38133
74935	30995	39693	23448	17885
87489	77022	745	60246	53384
30540	95135	74681	71324	44351
13188	84136	78788	60855	57794
98579	32654	42328	95606	87051
59429	74783	33590	86514	13737
12622	40211	36198	84838	96192
18073	1005	57781	26867	44339
89310	9669	60509	48895	12444
21402	64274	67473	27821	29019
12136	19363	226	36061	84053
90295	66435	60804	653	51736
71030	59794	66337	57378	4136
91922	61258	27050	33235	12574
57140	25554	75237	79718	44664
49347	51838	22226	26791	55861
88495	88646	21191	61393	49121
26768	20092	74533	83833	95417
10163	47833	77572	37041	777
84324	95555	29349	94037	89977
37535	6298	34751	83179	45980
69547	95028	48774	23089	41752
44927	92587	3299	68630	32483
59039	49890	88644	91437	96459
69424	32613	47507	62832	41775
41795	5789	22717	66624	32778
84412	56644	1993	26229	92446
34940	25427	33892	57145	26083
26039	13871	92833	21542	89298
38897	30240	63123	80902	47262
97359	54	53563	20711	65129
39375	1879	27600	62765	87176
36404	78773	22506	65432	77381
27240	10887	55117	17182	96040
99192	2924	95131	82614	87279
27789	82615	18122	58501	29221
2277	96674	85294	96405	26966
44908	26296	36342	12497	70548
25000	38496	66702	95339	3258
98309	46147	17054	67045	26055
1384	1838	40968	28294	83037
67171	22328	75598	15322	40385
11212	54075	87624	90981	93054
74389	2517	90237	33180	25006
34744	20835	62101	29344	99556
47930	8592	79851	11752	31592
75850	70563	74270	82178	80880
86358	86227	61605	29327	96500
1568	71569	4905	94020	39316
1476	6828	6146	44214	20428
23995	67845	13822	2925	10573
79828	95589	18278	28118	74289
21158	40000	10272	57329	39431
79198	55658	32753	53505	20170
97754	70294	23608	97974	36868
77664	57191	40201	75711	75647
49745	73174	16887	9992	16744
81572	82578	90410	81465	15282
48194	16440	34592	23354	20005
43633	78035	17455	99335	21918
73393	78924	72280	60192	25278
96955	28490	30337	54296	30854
40319	83292	37018	85058	71670
71728	17260	1180	61033	34542
38320	83660	46745	70934	79730
19691	87586	66741	2827	84940
56936	36281	65391	66603	28766
12099	61870	75613	83924	35179
30640	34056	55478	15773	69901
22053	98700	19865	51456	19156
34529	21895	66856	81905	36633
40192	69203	98456	20050	62870
82171	40292	3721	8374	68739
93765	24556	37302	84660	68216
53971	74919	67678	94769	39921
16121	3659	63556	97432	57372
33643	42205	88422	71686	34244
52592	89560	36194	4242	14049
52887	18114	56306	81552	68107
53690	50845	91512	95633	8284
39905	10096	61005	62039	3371
75031	54160	3539	3728	28477
59945	93501	31683	30884	99209
35595	64830	74155	61042	9885
49489	26445	73284	10707	13695
87996	61944	54435	10196	81406
80906	17521	41472	98570	72301
6263	85137	34561	28027	2338
6886	72473	83327	25014	42150
61837	6151	3834	96138	87182
12229	98729	25629	43999	97988
40601	73100	64093	56626	41768
29691	41358	6457	33642	37628
64624	77962	73787	8060	96996
52152	47102	81736	51924	50308
27668	37749	54181	22395	79696
36423	23199	26010	66872	61792
66631	53370	9509	45901	6682
95559	97036	88794	76839	6525
7390	11002	43164	41239	46723
15731	51753	55032	64401	83111
82683	87332	79624	53441	55325
31431	99196	85273	25729	85660
13993	81695	28534	93861	7431
6554	31331	85620	61380	52694
78404	78067	64470	94781	57688
79472	5758	67934	55740	61375
33305	35330	96072	44453	99725
40943	97120	34493	25005	98217
54918	51526	14994	57633	60140
10504	67153	94845	63820	57854
91808	76742	55823	96790	31827
66710	80436	56770	16948	71431
65275	67652	30345	53976	45964
41168	37795	10453	46547	25188
67183	14179	97769	86145	85563
30118	18584	35307	21889	55724
32874	51377	45086	27596	30996
56463	76729	73503	3358	73061
49001	80296	10967	83539	22675
68064	22600	81611	54858	1284
69479	35795	60518	68763	11378
21862	51710	94610	8643	956
12778	1443	71398	32424	2255
15795	42152	16161	4395	16534
97814	28035	83632	12982	98490
67402	84840	459	92059	34562
36223	31874	38984	29666	3184
65161	17451	92884	46637	81708
30005	51762	8321	77825	93852
20735	3133	36747	19837	20289
14878	49393	25467	56069	49115
79683	39720	92239	48791	92580
43081	20270	81495	63594	53770
1009	43417	15023	82895	1002
45779	23681	93597	96817	25822
19588	66397	61577	36142	99554
10629	48739	2227	32933	96712
76059	40004	71303	5100	79158
1116	37907	46240	57942	37486
48357	69732	42579	11490	8230
80973	61032	3132	38591	35989
56825	6165	46329	11500	15003
55846	730	60644	73152	6511
34223	38812	75080	36339	12386
20814	82910	20870	16600	44681
57538	61864	59468	90871	61898
16341	80386	50066	35289	6747
2262	3190	32178	82734	31061
24766	36278	62638	10359	17465
53214	2904	47666	47527	40179
40620	95290	79328	68117	71805
95413	1694	68114	20812	36255
66233	11481	24966	40503	54301
58503	18831	23307	73009	67207
37980	20574	54920	77479	35439
29561	41854	24942	10539	75883
65613	94131	51546	71984	53297
25083	90350	21466	75849	3700
70696	29023	50438	28164	87978
55213	23922	73363	97427	83865
68419	84746	58440	81204	97663
98336	99736	50994	45447	57258
87499	96028	38595	85647	8106
30836	19054	95305	51692	31809
26929	24280	17503	30929	84598
9405	1169	40789	94363	34281
98767	41452	55909	38467	73651
81488	36092	68881	6807	652
22083	51380	55666	30044	97467
6261	81093	16320	79887	97512
21622	19062	84988	16617	81866
96698	54641	29386	49694	25750
42989	8963	7526	56490	76385
39384	16926	93922	1366	57443
30701	45937	57195	97325	22285
30632	51498	68779	84686	41693
53435	40794	84010	68759	87482
85795	7207	72020	94402	72560
3138	44152	70964	3186	44233
81587	13420	82538	9155	65258
39617	23534	74037	69315	92253
99962	85542	64000	16625	67680
12717	31620	83233	25387	95023
26997	61060	43458	59963	16864
40974	50979	69384	75072	83361
43680	10024	8738	84069	89369
96652	76173	19971	10816	32363
78187	17912	26336	99414	81906
41850	31298	59954	73956	82898
50332	95712	81660	18973	41662
79231	51549	7128	74459	16449
84732	15524	91109	65215	33988
18091	79312	22754	63473	8029
22236	23219	27361	70237	86800
78415	9098	87850	99957	90294
59813	61420	52404	16954	35493
98890	40513	64125	51741	62369
88138	38522	83171	68348	20631
25499	90744	52465	4659	91982
72490	91749	3354	46608	56564
46135	26471	31391	89313	7153
20363	20456	32098	4152	38582
26017	2348	20763	19462	77067
46096	7397	14912	96652	16707
1441	85705	34879	80040	39980
63117	82474	94195	58485	81114
28335	54467	51128	46396	6713
24007	17784	90252	90642	75073
33889	33545	10234	33997	95075
93846	36205	1780	16823	38511
66856	55886	16695	95399	46434
43175	13010	82078	12931	23169
66469	40891	82825	1767	83427
9646	88141	73501	58582	29812
99138	49583	39224	90264	37631
11366	43761	36998	3794	27948
42121	43296	31748	14453	10939
75945	42755	47330	97717	93048
78872	57514	43648	23753	97582
69403	22139	29164	27719	79030
75213	76787	6537	44119	57632
45039	38522	9712	27	31954
80183	12210	60322	63813	83414
66585	40752	65329	34974	51642
55715	98033	17902	97409	13739
54131	12420	66873	59214	74437
66232	66693	74420	34957	98165
37105	82553	98560	64890	25265
54061	74109	25714	81229	43710
81994	29242	15286	95209	5757
76350	92184	45903	91856	93419
33977	10769	85262	4786	70245
97832	27337	87059	95473	97722
98895	24454	28809	37961	21061
32836	36443	90550	65028	4195
85179	70618	80547	11360	84787
11825	77727	5431	68314	60569
61559	75349	89188	90035	85891
79747	19077	29737	95021	7774
38661	74372	57925	47070	29899
18434	80416	23073	38281	4841
88907	6363	64568	12694	39441
22661	69638	31575	72731	32758
33619	85889	21450	71246	46024
70400	49468	61322	74191	42951
89866	78933	54989	63505	7229
82850	73145	90560	32092	24930
35877	54291	48932	3561	32104
78109	75273	13685	8180	23082
11552	93972	11143	4999	73762
56546	65326	81329	40216	94527
37454	9734	42676	9116	35500
42969	33537	36203	42549	43585
24841	71892	65310	12714	10093
73720	11531	25142	80583	20493
42655	3789	9078	35651	17009
85158	52656	8376	99918	76398
28943	79771	76060	98491	25468
52744	60376	38553	47793	78782
72945	9565	29773	37229	33788
21789	32879	88008	34315	87869
68209	16281	14620	63952	24178
54478	67347	87004	90694	81272
19002	14802	23781	3651	34914
94288	28717	99758	12300	65168
26958	95269	73793	22241	45224
53100	2054	22073	95686	21485
28168	74917	78291	55429	63097
98833	73558	55455	60871	48435
60132	85370	35264	9115	63778
4670	81355	35272	31588	19044
33540	67620	17546	59728	18454
78660	15709	56665	87298	94833
70157	56577	90156	86401	45708
66931	46373	16792	99641	16755
70856	12486	38608	7805	80590
1155	8896	98689	59775	81321
60777	15425	5144	8154	54993
82990	62538	21359	37258	23461
43402	67265	19392	54879	33211
16652	60429	51788	37589	34630
62501	37182	49678	1500	72791
13201	66876	85215	14067	1056
44274	18473	18284	40598	10050
76582	65076	84143	25697	92403
15880	23288	54028	24654	2891
37557	44525	79164	18150	90168
88784	73474	43829	94749	55740
90055	78391	36653	4578	3480
17102	13559	382	50748	82304
15616	68689	94350	90911	82876
19111	36023	62780	88821	81284
13718	47914	52788	70872	79456
19393	3456	61966	66385	10402
74327	41251	14019	759	4457
46328	37682	75059	75174	6708
85120	63577	78774	12787	50941
1527	85661	20395	83919	31959
8040	69208	39397	7262	23564
46640	69253	67553	8432	87542
71658	47590	26516	75975	19230
85547	26944	8982	89112	51443
38465	46287	8874	20842	85549
14362	44792	76849	91938	29744
27756	42427	67886	37464	18762
2987	57428	52394	70064	57430
99457	9645	60842	55225	63848
74316	16838	76232	77988	78005
94877	39914	36218	20860	25360
38587	24548	93503	94610	15934
64824	51404	49493	61467	5709
66298	76325	4540	63656	94523
8587	75318	82696	16399	25267
7678	3370	51418	55666	5165
1250	2491	91771	6957	52408
93065	2082	37361	57282	53975
38981	96675	70733	28904	67738
94291	55170	92271	73190	16277
95494	13554	36339	76194	79256
59905	63100	41071	41319	21839
6735	37949	87445	65248	47071
4800	35280	37661	28166	55352
1635	47552	83905	17209	52355
50491	95467	73093	42343	26548
58606	43714	87592	97068	97538
72134	33673	46885	31892	9821
35652	83720	33133	21256	82018
36841	76524	74653	12171	86252
36595	69349	41077	72432	45152
77197	96102	28203	62550	37477
18829	51465	74578	83565	84859
94689	81447	5168	66460	66905
57831	38707	62378	85804	33351
18836	60028	95912	63886	60178
66627	72102	61822	3687	43409
69261	24094	5552	52033	54299
48546	88500	59071	45989	88400
62423	38922	4992	4679	2684
10162	97422	97732	59584	34845
88885	33809	35231	81123	72985
10266	17795	37440	98196	87719
22039	37885	95784	79787	39238
17097	60341	86065	71536	83988
89977	17424	81740	96348	65474
31598	2305	35830	44993	457
67964	52350	82937	70619	81380
17697	68562	64342	47763	96510
46298	74217	75328	55567	62555
492	22723	23146	47252	94914
57146	86245	86755	86494	61064
41439	24847	25453	54153	54183
36739	20821	2941	49553	82207
78017	55589	10982	44092	40782
31890	50964	23201	39051	24473
29926	10897	54383	44917	73632
34580	82930	88023	9604	29925
32637	79673	55243	46599	90523
20981	63723	50466	17064	25519
3274	61919	1795	16265	39078
48220	62413	11101	59680	3207
86006	8129	95496	36890	30003
43776	99746	25766	66237	88071
69247	22936	55048	89468	83875
91854	5229	77009	8769	26208
75802	1178	67268	92489	83441
94761	14838	92885	47204	82475
73644	95715	55206	7587	84973
95325	34913	43480	530	54357
7241	43830	85021	24306	24939
3941	38846	69046	48967	66880
3696	99583	21779	39518	63037
62156	67926	50709	30295	63367
16685	34381	13402	41399	37793
99376	33092	33875	43430	75933
80230	98727	67164	44918	65209
38442	48935	37803	69349	54306
47084	81820	98893	1181	57108
74000	42185	74062	82476	75184
8799	30922	76339	71323	29552
49858	91483	60838	72594	38806
67877	53642	13018	66244	62599
51503	41530	16158	7825	73548
54966	96147	43167	64592	83039
4853	20129	56645	50019	69855
65161	29814	97605	95782	53498
31138	87844	61862	85689	58877
26025	71677	40015	48268	75775
64618	73735	53628	42370	23931
97623	82708	7341	53580	71780
93373	55765	7014	91136	65603
44085	71795	90205	62514	4140
16484	98279	89176	71487	58350
72557	37421	74790	79804	36936
31214	46712	33863	79422	38143
24394	59659	81456	79966	90318
54099	33210	66086	16099	18076
87271	32419	79177	2909	41553
19250	79658	38428	41737	76025
32559	19527	10312	77066	50344
10703	75465	63649	56874	63947
58901	87320	33743	88866	65078
69877	82043	37717	64982	42537
54909	6907	33936	38052	76751
64874	61481	1209	30920	74463
33780	21648	96451	18424	46347
64627	68665	95504	93478	41724
15864	35942	73971	37442	32902
6962	96822	94590	42275	71609
90713	41974	44297	68719	69181
22693	72946	85201	24387	26708
36273	47128	75919	14884	22849
67506	74477	38480	67118	37183
27180	99439	41829	8802	26797
90640	93844	10709	41204	49978
35536	81897	21228	4394	92971
1940	78502	1269	94673	1180
44650	9586	36126	61882	68518
94460	37260	57972	51581	80440
55509	41399	98975	43731	38717
44191	14340	46894	43191	56886
89695	79345	36990	81418	96394
71290	51609	77563	46502	98539
79738	48593	24721	15400	95112
36980	48334	63882	3044	90017
69679	95906	31928	74509	11568
35058	20773	99472	25469	32441
5351	30091	76320	21055	52986
97579	36613	13272	26932	5311
553	7832	82326	94730	54451
57766	47724	97947	41125	28070
21790	31979	40584	96356	2909
6776	53090	89411	60033	69842
73611	55851	37416	431	94692
63475	26188	93806	102	86025
41579	38845	16308	77096	64112
79230	53368	59424	54008	36415
31173	54220	28901	25009	70836
97232	77945	81842	6148	73177
18103	94880	55630	71535	70887
52319	65086	33230	76153	61447
94731	67860	6597	70978	4250
23648	11445	77609	95298	84815
3210	46899	34867	67177	3944
58964	48479	58464	77239	61397
31016	40035	50982	84087	23410
93663	94795	87847	67568	35665
45224	71179	77041	34758	40380
19070	69429	61385	8572	10576
59921	18673	54195	47386	27029
8951	29885	80141	20285	18757
49197	49260	32645	9062	43644
46888	66747	54098	88763	20816
16528	17728	69519	44098	97721
58372	10418	44044	49056	31327
27643	6880	9369	31631	27307
65817	97721	20126	83760	76919
52183	24967	48515	89561	38141
63040	39053	18684	2176	64554
92145	3882	74919	58426	41481
58152	32208	57667	29809	98632
3699	85284	53731	74747	51097
83492	64380	60171	5553	78816
72003	19528	27996	56180	921
39945	61292	97892	33095	24639
8920	27129	15643	88193	41754
65358	94094	34730	62839	3032
44606	3263	49205	64715	98483
84885	6106	67080	27961	12512
44966	59722	7478	64991	6427
2308	64732	37728	25944	24495
54259	19843	43863	103	42429
4840	37300	95108	68910	48428
36831	96204	24356	58662	23127
92793	8148	29847	68228	4706
46086	6024	58421	12639	53321
21822	1618	37224	59986	99485
35945	99025	62935	42210	72789
29283	19911	22149	75537	21946
16310	75784	92340	2068	68853
55098	79098	94778	27133	42866
96735	28173	33641	35341	35550
64063	95778	67824	17553	45664
40209	45099	23254	11224	59764
1021	17965	2662	95211	23038
75726	97562	30027	15884	75249
3202	52021	44225	40672	92482
90240	3190	42367	58652	46182
85618	8380	44924	14170	14183
50887	2796	43747	43918	97130
46193	81451	69020	40161	9288
9489	91394	88567	82634	19543
61023	75270	77404	38999	94597
71718	72032	59758	37931	41271
94150	37901	87812	87916	99005
61462	26575	45159	36689	51595
81012	77063	98808	62911	75263
93046	41589	57189	50784	1216
15441	49757	41129	53677	68310
17486	41802	94064	80927	49197
92961	25190	40692	53526	31907
40883	64594	14841	7933	94262
91164	699	99669	42386	39604
831	68972	24027	36446	93106
33400	55223	39311	45794	25778
25108	28401	33553	34986	58061
61060	7216	59417	67537	80708
86982	77951	99441	19643	58968
20358	46872	20846	13621	21939
95100	69760	85494	46588	13689
73741	21439	74932	41617	73440
13537	10949	90010	80187	11235
21416	57970	45506	66995	52046
36909	16536	10442	34088	6398
9132	21765	21590	90177	2136
36748	51251	57488	52902	49312
61583	2834	68022	85363	42714
10191	64820	76085	11419	69151
26277	66103	33278	57927	16055
25584	96915	6301	9258	77610
91605	27396	29213	72523	57386
30786	13727	11019	8935	26304
57548	21895	93276	60079	43541
82661	83611	34552	76701	3088
35526	1096	20762	87056	21959
32536	2872	94033	83817	69163
66399	93278	54322	1885	94717
90010	59460	90146	54438	96131
47042	93929	91884	41218	66504
69345	13602	30975	88190	49538
19511	85644	41074	52260	6214
19400	48687	35932	74983	98734
6597	34628	63990	76097	58002
16618	52320	83670	40610	94144
93342	36386	61044	40871	63421
35908	62810	9679	80081	24821
12873	26263	76241	98261	27908
54413	38371	16023	91517	96833
64979	34355	62459	3210	41457
96679	2626	57893	10180	69202
60622	11848	58805	42045	59813
23022	59914	94882	62213	68267
26343	90496	57368	76370	22013
61666	84771	44733	4411	16217
45875	61845	1794	5201	3997
50156	87773	86559	98205	20189
32323	90572	19620	22355	19171
19855	58858	62626	34727	10034
88591	59906	95388	6291	60558
40557	32571	57078	6690	4427
55921	87859	10330	2743	72090
17279	16411	7891	32469	27497
1885	99076	57750	66967	86979
25603	59063	95292	84557	18871
66278	79818	10521	70059	40731
50740	28261	46	50156	12217
99328	24803	64348	24282	9856
64502	23079	79477	14009	58306
25713	99067	91589	97393	56010
3347	34347	2227	554	60809
11139	98078	29455	40301	10438
28745	40916	60045	31589	54364
59092	84958	4353	15473	42539
15615	24220	2117	70339	38977
1649	68904	94996	36163	41939
32087	53953	38424	82656	25019
73338	74185	75101	45969	20012
71371	87541	16164	32860	56276
40976	16739	58794	58448	54201
96514	10737	11802	19330	43053
35482	47952	93720	69679	33789
31339	79047	48961	99967	74952
47297	67494	85113	57592	93751
52531	58802	5316	94213	22220
11362	42337	9204	26671	81448
61259	65887	51157	62636	46007
54996	62212	2984	28443	80344
50851	41653	88237	62396	71863
44215	60724	24649	13747	53740
44403	46936	60906	44481	75315
68366	50083	33983	67886	99446
56840	98751	38304	28138	81606
16158	4079	93900	76528	83067
52770	49807	30274	28350	48176
66866	91096	69005	51915	45724
50048	69605	86186	82329	27031
72699	20322	24537	38869	1690
33049	40432	21756	54891	10374
74393	26662	67157	79830	48870
72413	47586	90560	97957	93171
13082	33614	60179	41634	37939
73712	58259	91515	21469	68004
48101	24695	50897	83203	15658
3128	93747	37316	45986	52213
67965	8208	14292	53955	22623
88032	49731	8692	69023	26986
89916	3051	11684	71478	71430
15667	32555	51884	33709	56125
16485	92874	77304	51752	80920
34025	81534	41210	23256	52885
43060	57605	63115	7059	11310
71184	76212	44890	9153	10695
77088	5113	19272	27673	60009
5004	173	14434	69454	44796
63573	2239	27155	61828	43240
20684	48664	91177	9729	66567
78048	48285	21629	28685	22976
29321	54112	88178	69387	81011
77099	20901	89812	31593	77222
18338	65665	20615	22890	21042
91124	23224	44899	29936	74750
20550	26139	7698	99121	62573
4793	43480	2946	85438	44159
93369	68089	33618	25356	58416
67606	97667	19802	85345	31244
6744	11109	37059	12527	44923
98553	13576	76933	45369	74969
85881	59596	25832	21246	93255
56392	24886	42308	93962	34949
39733	76654	10618	58561	55582
56412	30873	28925	949	34230
22258	16728	33870	7659	95646
49823	37140	56228	91364	39348
27936	43584	2064	64812	26273
3096	33611	31820	86077	67616
81914	90200	50218	98571	11011
12274	78237	21978	16801	43431
17427	16264	25486	36226	66316
38418	6722	14630	97367	98336
91084	70114	28104	647	85956
41376	5400	16343	40903	95037
30142	88368	45611	34649	99331
74538	34881	53285	70319	19953
48960	18796	95783	15054	79171
83353	94842	33444	49139	83015
79991	28483	23065	71775	57200
74493	90303	71418	54647	18227
53811	1374	59157	17783	97583
72643	78028	67851	82524	9941
24271	69212	63125	59856	22067
97489	95030	13931	45205	65377
38019	161	85166	9731	88881
31566	65223	63354	23653	58172
51301	33163	32971	88914	36246
28473	34720	89623	48299	74315
68522	23640	34615	66777	94392
110	72845	91248	93984	19548
27974	28537	18492	83739	47108
78222	71297	90069	69162	49038
4877	5878	88091	43658	87155
32346	79792	86529	57865	91546
16343	20925	84650	21651	41205
28113	81279	55729	20611	1212
14359	54584	83117	80334	23827
35747	59432	95601	24099	60594
29508	32077	49647	43934	85663
36556	56834	7121	22318	9543
15725	47771	25909	2168	83190
41321	3686	22215	79977	68255
46721	76157	3645	73291	71867
58048	14065	33789	90913	20033
96873	39812	18355	58910	13635
86107	51500	40896	61300	26009
50628	70740	9284	12059	64183
79411	15950	53725	6903	63108
8903	31986	31247	87311	56772
60257	6336	43587	81350	32184
10785	43746	29851	85941	16016
68987	93560	50017	36663	72316
24757	23182	95696	176	43260
60977	37626	64497	46811	71771
57661	38483	1670	46298	48670
15274	87395	14138	50710	45475
6286	96632	14846	896	90895
3422	65755	26066	59664	947
93794	65438	77992	1253	11168
41697	26396	98757	11835	21473
19703	64013	39292	65582	3877
41029	4652	52092	15209	50872
68498	17067	73616	52670	82153
73254	86094	94610	76137	41596
81896	33153	86249	78572	30071
85197	33645	6637	88770	23574
77161	82652	95677	8598	6596
3934	87451	70451	10298	89408
73722	42633	44265	43412	64022
70179	38659	53067	29217	93921
56464	58006	18074	26323	90785
16715	26121	89134	58530	59197
92391	60038	3119	56988	62242
77260	11765	8467	18972	92105
41114	97611	93758	7068	46109
98731	48666	86287	77277	7308
72286	67350	34221	34372	43538
43128	22874	56544	48669	19068
86636	88470	68436	39496	77746
27016	71893	24183	61335	93912
76530	73536	60355	86312	27835
60161	68718	31324	37755	9747
56184	76943	49920	59765	83996
30863	17212	83391	33943	93263
78280	56259	33185	4145	30697
34435	17198	39359	84993	65012
45369	73215	94811	64518	95009
22467	33392	50630	65784	6471
5193	97315	3342	14313	74789
84918	55271	66040	54583	2372
56032	26029	5005	92075	48682
82664	11034	21049	99212	13473
44369	6476	15391	36262	79336
19756	64216	19418	9303	34542
6484	61194	84625	69637	15154
36774	11567	16529	66990	85388
72935	39477	99487	85847	75130
66478	43743	66727	63073	61736
23962	93749	97322	99602	86956
90146	74708	49515	12063	70352
26625	57347	6828	57736	94500
88099	22959	77080	70254	95646
1517	46754	85504	85695	39392
86205	85263	8961	66594	587
88758	42918	76164	80178	43765
84496	50537	27271	8541	43588
35413	48185	65108	44051	51803
38258	98953	74065	61658	82382
14008	97611	84496	25322	89898
15357	47951	1366	91580	45174
45763	36803	36870	89620	12316
53465	36766	29005	1164	56589
13181	60306	75262	34254	74668
74835	23539	32701	72693	98471
5423	97479	64307	75547	26987
90503	12830	21354	89727	90380
27469	33515	58344	48081	49750
96920	38907	24528	77006	68889
77492	46427	54096	52666	19881
35167	11244	58026	95604	65532
30874	42615	96765	84564	38005
1946	39543	10798	75179	95774
55617	35886	19325	84804	82884
90036	5622	25324	85027	19846
95151	9834	25035	38936	33099
93540	4452	36290	12632	19071
76081	54247	86324	95346	51258
8533	5028	23028	36262	59794
84307	39033	4688	1939	11805
44214	99928	77078	28765	92686
24717	40226	23765	11208	90504
15374	455	90761	85194	50909
32161	77061	90164	75816	18589
32615	14785	33256	25865	81731
66109	92314	43368	79939	48029
13303	97379	68614	48196	99865
58308	57191	2400	96079	64656
43801	53225	17567	28392	72933
3764	37663	41989	62384	92852
13738	27668	83857	39137	64268
20467	33935	28619	35776	52896
99934	78531	24278	31416	41619
68806	9374	50765	72157	95329
16371	70755	78812	15847	76384
51512	97853	85623	39825	12472
25487	50489	26659	32992	44061
78085	13200	64289	86144	30035
6787	41810	86935	47974	4985
25048	55173	70787	16960	97376
77160	46072	79678	91862	81743
17096	51734	38980	62815	82980
29407	57542	30543	64870	65164
7982	45085	58903	64144	6589
87736	48019	69079	884	36238
42116	1597	67449	37954	34007
72355	2092	93206	87735	57854
90602	70922	19530	76348	58078
85422	15031	14468	47508	96383
69011	10873	35076	46217	44107
53553	90403	15176	88610	14965
85534	42302	48925	21926	64788
65154	2015	46008	97291	85807
21503	37132	1627	56937	42647
89803	28481	34119	62976	82528
87235	13862	82795	92647	76336
49890	87810	23109	14202	64346
7482	94760	56289	47279	34536
41555	61255	25911	39093	33652
36219	2540	18425	55872	70203
21568	87650	1665	29450	69825
33186	15465	97172	23162	73923
56016	28832	68831	5892	29956
9887	15132	76751	72375	93661
90921	1645	92348	95127	79479
53282	37136	73485	21087	25237
81622	73373	23345	4954	68675
56722	58808	36437	39438	69128
20546	1090	93268	89538	34885
50720	43353	54149	77391	58033
7750	22085	48167	74507	46380
4185	48958	70194	68528	42608
39268	22329	51298	97085	32924
39877	46432	3058	66587	74711
78799	44208	72637	32619	63510
31575	98666	95809	97647	93630
16755	45662	73689	33525	27304
48738	87685	4459	79801	49334
67028	55139	64704	17113	37717
67977	24897	67177	25255	50288
84783	32963	82840	98203	68327
21160	3997	85394	261	33189
52394	25909	19874	36962	14639
77819	63205	37604	30640	7074
96683	15368	21428	88298	35392
54988	43959	83404	26769	64420
62852	22104	85671	98647	46026
59956	68712	25340	96146	9691
92850	88853	27686	79498	34660
53536	18546	3323	51522	5324
46923	38208	86122	70601	76865
86783	73595	88275	2464	52143
32669	60113	22331	5686	58829
63442	29421	61709	49689	37826
12266	29175	74157	23100	54299
48246	40061	85248	81268	84449
694	66891	94173	15120	33006
25504	42654	47352	66708	10361
6752	23022	69497	36667	47573
59255	22542	76104	75849	78702
66884	19850	32026	94577	52821
11876	57271	34706	29552	41950
17382	95003	58764	55879	83001
68387	81597	34864	53513	45803
3598	10270	51518	20889	63800
31079	20387	23030	26343	12251
13761	77121	3753	3943	98712
77315	45783	72946	72283	90947
57149	37748	71579	48799	71225
52632	7738	63090	5902	44392
44547	91685	45605	36	82055
33526	55158	740	57362	1374
76614	80323	70159	81599	4795
57829	48311	94227	12011	42072
94547	39966	18230	6693	10992
13056	13315	30290	2109	87054
82235	74363	7192	63534	9250
37232	54263	85147	87816	36
33648	15354	32861	36239	62690
90557	99550	19748	42031	54153
68323	37720	33189	35232	30277
17141	47002	83993	23833	54277
34135	91382	77996	55651	66806
96026	22471	7182	34866	27287
40929	86148	11313	28289	5389
92642	77754	21421	1711	66658
55706	45494	64987	78262	98240
40022	96329	63703	36694	93584
83909	46991	77348	11966	77249
41825	93118	131	1967	96621
60937	87629	9898	45971	58345
36598	85794	31772	53710	74174
71007	12245	88647	69046	29499
92339	66271	41216	6382	85702
20060	12892	41592	17538	32555
69618	28175	59837	12965	6152
81487	8330	3867	56184	46904
98436	20075	15287	91561	15836
72311	37552	92734	4047	30975
28587	70627	99414	91773	58856
772	48994	78104	1533	96150
98464	74985	21958	89745	71788
88393	87912	13481	8992	94493
72628	82362	96088	27710	42384
68700	7895	75729	63104	35207
46519	10484	98905	56917	61001
74462	25786	17443	10777	3264
69720	59954	38095	15106	58912
45567	87879	40703	31262	39063
44300	8379	43712	28466	11632
92040	2776	36344	99976	26186
8671	20325	47411	27467	66820
71831	53101	16558	77298	49904
24674	59782	26538	668	56464
35125	36793	44480	83281	67510
45298	5175	19563	53078	63489
85091	50607	45425	70764	75484
3544	99144	31107	3006	39624
489	23739	31960	12344	68278
76358	74262	16156	51078	59894
48315	84697	17273	59731	47861
39180	92665	30551	38426	41078
17998	96718	46694	82106	13975
94844	83023	89782	80683	41374
60783	65731	38721	28206	88722
68776	21713	92965	7593	56379
89760	31494	98803	41285	79581
81269	42931	67230	80747	94784
46405	53478	46495	22452	54551
18195	49390	74455	15452	99752
36479	25122	29604	33165	18556
60710	92647	20812	85937	34842
84084	42732	52655	54270	33869
79707	15076	70872	53815	95263
60601	34612	63479	9974	50755
53580	52461	18001	75648	69103
24329	77345	90030	10611	63708
28426	42377	51741	23328	61831
10183	66363	41545	57818	27686
45152	14686	37640	7749	14811
76396	69249	93365	4838	52817
90369	61619	79341	50207	89439
44088	22042	30925	32094	92794
28602	17069	28039	69877	37583
65062	15016	66711	65102	51323
32985	61120	12550	78003	99563
6334	62799	85381	86664	10022
61211	12720	13039	27104	65321
50402	36842	16220	95015	96833
39408	73188	23080	52897	69535
96563	22761	52287	8708	79013
93966	30952	23623	72699	75700
1828	27954	49802	95005	85973
31504	16278	40475	80717	58697
72335	26030	51924	10902	81055
4112	28946	56743	96868	78956
66101	39404	20818	62339	82355
72409	80206	63654	2455	47231
18084	83982	35782	46353	17331
99854	90870	78422	71366	14841
54236	4383	63563	26795	99462
92889	14278	47332	18648	97684
49776	25732	21078	68023	15585
20428	96935	8146	53342	33217
82495	76509	98106	92425	39559
40978	98156	92629	78430	49145
53820	42956	7252	48569	17189
29666	74189	40736	24199	38009
45603	17402	2977	41211	50725
70030	46525	75945	63589	95027
56850	92432	99107	37438	30117
89819	49421	48088	22958	88148
76574	10650	4877	87846	71575
64157	94354	3685	62742	53336
39769	90114	90161	84497	13323
40107	31069	79897	14458	82671
35752	23662	89803	37341	60584
29058	81155	65714	68120	93008
45596	77131	34285	67055	36970
93157	30969	99056	945	33087
57924	67527	43655	81402	33358
60415	7127	44732	96808	83217
98442	37485	76194	12155	26644
73759	25329	81799	74750	22168
42960	11202	92569	62913	26293
57686	42161	33782	75489	58666
87548	16832	40042	24183	61780
46645	99231	55681	92908	60296
47643	32598	53366	88861	83591
61661	23666	7734	95775	88658
35032	60201	1204	8900	50574
37493	59137	53233	52922	10315
40723	86607	4578	26937	27358
58151	37154	21253	20294	7979
36369	47767	15233	93435	9439
45412	60231	26461	20659	27547
50904	15466	14035	61648	14103
26308	73555	53187	57653	54504
76872	50709	6042	23773	27681
73683	44435	61038	31764	90783
62220	52616	39897	68732	84956
6673	48668	25685	21865	15087
63766	82841	95513	29473	62676
24515	12173	46519	33214	17057
82895	70710	70771	48555	41258
31561	86216	46044	17746	34303
25408	88162	40941	62356	14552
12991	64605	38216	98763	53308
47006	23052	55950	82979	36678
20553	92948	63534	13820	32301
14063	16239	20997	76089	16785
52022	12126	96967	71228	71847
53984	36490	5800	62415	7958
88730	44341	79677	44546	16686
74488	30485	37008	14710	30330
69311	63955	91786	43950	46089
26609	33549	69248	51864	46120
78855	89560	28271	12723	30223
58443	27040	4218	38426	18010
94392	35166	91690	69239	12294
20908	40538	31453	96370	94782
94001	84459	18153	69527	81367
85565	7892	72402	57269	45585
2802	71138	82607	73157	27949
64906	55837	56031	85301	65125
98551	85645	49762	56525	29564
77520	9502	88098	76373	33356
90207	38948	43835	93126	84142
67650	58945	52707	69115	10281
1957	93034	85558	37978	75471
85778	21318	52043	86479	43889
85746	72593	63466	38931	65698
83265	23952	43250	82292	48252
26662	5937	23993	67197	96255
42174	88115	38229	38817	59517
27843	11191	41770	88691	75113
68926	16717	13910	35486	282
45375	78029	58047	8899	18979
52903	11715	60508	52630	49413
30138	99088	52650	47242	87129
58557	89764	59147	28354	26593
30537	91360	55460	9256	87691
4195	45002	53668	91752	94647
45168	47318	86605	68996	72191
97050	5806	91438	78918	11893
68753	51964	34067	73581	30176
6466	87622	62981	19021	96581
54180	31376	10447	29133	46202
23485	26888	27124	52806	13923
96191	42949	53732	57754	41481
86678	11001	99749	43860	23179
9369	492	48921	92559	38020
5581	30413	39695	62143	8759
27533	38699	52003	81781	85679
92946	15224	64760	58442	2579
23000	63886	12859	95841	97105
34989	16418	44916	70202	5605
54030	404	87483	10442	71656
67239	38068	73638	41297	9610
11833	98756	58253	24044	10195
20486	84612	79235	97294	8244
87089	84380	10736	89864	40808
7109	10442	95161	10138	9792
77650	40018	52231	1399	45855
99949	35807	94979	45624	52446
37326	18543	82675	20967	87279
21252	62835	73439	59751	73213
48694	51627	59768	90322	64331
68636	21226	83098	88864	6351
11632	22591	10201	2055	89236
4374	11591	32440	31034	35843
34786	57289	51940	25688	23826
77765	92691	63139	43148	52037
14798	1088	69496	42171	63110
30887	20927	79577	45267	15874
4279	17387	66969	9914	9618
10485	77095	7667	98931	94229
40793	18064	66156	39351	40190
5933	54261	86084	19937	89125
33054	19247	95622	68134	97392
36294	56326	67167	92348	19371
99939	21968	37270	10790	82803
48206	91565	87887	23634	66502
13137	99816	44079	69535	60395
55470	83966	3477	6489	98054
20991	60303	50163	14898	98681
27982	19263	49253	52608	55856
85762	95644	58186	49130	90681
98901	93415	62866	96367	20638
58961	47283	28218	20908	99466
72398	27478	54599	70956	66395
47128	77416	99586	21645	56862
35965	8746	40815	58151	8210
97597	89866	34126	70522	97462
58776	91319	29636	7462	49058
43971	68701	65500	79044	90297
3009	55237	68159	12581	88674
70158	23821	74165	83848	99172
54247	75406	36179	26813	92496
49757	44049	58061	20424	21053
36756	57764	275	5093	56835
42658	87391	85734	51881	84262
99244	20641	9039	98016	69201
60721	41198	1972	24306	15077
55704	61058	2641	3007	76585
81102	65880	61658	21104	16803
22961	34425	29265	82275	30949
51947	18204	3633	78821	1360
64849	70212	36153	65010	5727
16341	18191	55950	52034	94
72746	69322	56922	91377	52460
20701	17110	9168	26473	38999
6455	50818	92980	56117	13396
86729	35186	70844	33852	52593
15078	36750	73094	97604	65638
44520	95387	47133	22669	63586
98329	28377	60835	78722	49472
25115	27240	72965	72882	1509
84062	78406	69667	67605	20682
96726	68681	79648	61636	70195
46541	8775	39120	49075	60865
85612	56620	60967	23057	29048
14284	89910	70481	66256	70612
56187	12667	51123	32499	81470
9537	93599	12524	68649	63120
76742	74738	54435	54927	73557
97773	58310	962	76123	91879
39111	9173	54239	40628	2497
50601	25517	9775	74315	94902
32469	14215	26	67937	58694
91015	47537	45078	5752	2601
49084	90175	41120	14785	91694
37113	58410	46173	20680	5076
58225	29939	97971	20685	1370
92237	50585	55348	41315	35250
51003	92799	95318	13407	85501
78925	36506	17873	35592	40694
11409	81349	93631	39018	77702
31074	51225	17028	77124	64474
45937	49873	78697	58758	96418
43166	85789	70835	60193	89186
51190	10588	45263	45255	12663
58442	93238	95416	85828	11282
83566	18028	5969	44803	26398
49312	39458	79005	50664	32807
53255	32818	17976	43513	61134
8007	57432	18533	96891	88001
48804	17048	9336	57700	61205
80046	24264	23857	63663	51608
50515	8987	73781	51293	25208
75485	26500	81326	47772	53976
31736	37375	21657	38767	14299
22856	42810	95060	39381	13820
32108	79580	94168	16492	98834
35494	73767	89673	32773	90754
68038	50811	49283	79170	7472
74166	91949	89472	6392	10513
7343	71008	33314	96317	29601
7772	20161	93570	3787	81441
67547	84445	2891	77357	74602
73268	63669	17481	77927	2392
95790	16039	92390	32119	13573
97888	42873	77914	52963	87493
66792	22765	10720	25725	87689
57391	60656	43847	92580	33667
96674	17711	60217	45652	32313
23296	68946	60755	89171	53264
78315	29091	77711	63549	11595
84478	91762	25416	88526	97547
97375	18686	77869	21532	71429
85297	35219	54282	21983	81750
27838	52480	6120	63708	19879
68624	4859	63255	84201	73579
28263	11763	95567	35965	4264
93787	36645	65569	35522	25075
62882	53064	38752	58211	12964
37979	45807	52340	66401	82818
25415	99155	15809	71599	50909
25796	23482	84224	42972	60468
78519	28343	68991	78948	76144
97458	40689	97692	88496	70569
26069	83209	80178	50704	7769
70090	33823	82766	67952	40335
21021	71459	34603	19374	72232
82746	67638	60425	65103	79749
1453	10399	59684	83697	49346
15855	42703	64457	94769	41477
7610	61024	9912	7286	72691
94434	34262	16807	38934	53498
63636	4903	46961	96963	4535
93075	46326	55963	31765	26215
23291	86678	57158	90392	86350
17182	63724	89423	49710	12927
95890	86320	88680	61405	71189
73481	6734	76954	84373	24664
35608	35692	59914	14743	81424
18098	71303	45681	63174	26015
51874	28768	33000	6742	72050
2485	31175	86328	8506	17074
72684	78956	13961	30929	32288
95022	94468	65800	33506	50673
16650	12221	42990	33356	2677
68881	52185	6660	24572	67115
52899	98578	16469	82143	44061
28688	72235	80964	61407	67968
50283	44116	37237	89813	56147
66723	13412	31465	87710	50222
52450	67837	28128	42381	75926
70127	44993	21840	79466	72086
48545	26467	12137	57024	60744
4421	63757	49915	35796	94975
48659	20265	89922	56384	14095
13620	11651	70366	14008	16971
40217	40435	389	58859	39240
46355	45183	41886	119	33952
69490	46573	5097	2085	59136
65666	36173	60913	78317	15558
91369	78026	66123	27340	20051
79850	74112	19343	10129	41645
76854	79284	10212	70093	5920
5385	67679	75592	61454	28436
62581	93352	42623	79753	39966
3240	92113	90	19427	16859
86413	7685	42751	56687	83571
47617	7728	86613	14578	69886
74695	85293	70093	17277	2297
8874	73526	47410	67434	17118
54303	65726	9603	29996	2278
51603	91046	58474	20377	58607
44731	7197	23779	32586	16965
30123	33198	75341	56937	65174
39258	9352	74989	71667	55944
1584	54107	60168	42055	40987
52257	70953	68047	14419	80524
26706	18488	89206	9649	76925
42232	85275	854	37012	71098
70207	8101	46687	43707	31308
81243	59532	25706	61340	65701
56103	65963	62308	45459	94833
55676	75675	20798	87416	96277
57788	91566	89556	87917	43589
91353	53920	3192	5966	83237
58435	31383	43600	71811	23674
7354	2220	45458	69438	35191
29278	65330	46427	56716	55620
38325	1465	82714	99644	30033
3437	65862	54451	34367	64964
70432	40880	24160	81906	24816
40740	7099	38255	97269	15223
8768	39080	96930	77916	17747
12257	48820	36920	26956	86832
60953	83116	91880	58297	95567
85945	23087	86254	49916	52392
98939	50250	72774	55882	29529
44812	42404	9281	28780	18940
52765	36482	27520	27627	56246
35096	62842	33979	9034	3651
6505	2411	81330	66382	90523
92497	22206	56828	54223	29809
60566	2989	59007	50533	23654
25385	94837	63382	52813	2944
39190	13889	27595	6547	96271
71516	61280	11731	24680	26404
2768	23355	71594	15856	44312
54164	30563	11821	49101	64093
67225	37988	66392	83125	20007
14289	80817	41769	5483	9768
85962	95319	27421	43123	46868
98456	85897	41266	35135	71997
39878	53041	24998	28405	17042
20883	38569	50334	20437	18099
33033	25148	86753	10408	31758
2211	77782	71353	8638	42135
35287	48229	56469	38980	70539
9585	91893	7541	6120	41654
84585	46674	7194	77304	14834
53492	50910	40985	76746	12538
79911	16338	52962	92601	76032
57209	66623	44631	17539	54152
45072	92190	47767	70628	91246
362	46001	17522	1431	56637
66206	86489	53458	95747	44529
42935	50442	67224	10604	75993
39115	61498	13551	26464	74614
20011	76928	22811	2727	23371
70319	82569	91888	85596	28354
6455	93295	84257	69362	95157
13814	37868	48107	5269	6531
47621	38845	64266	79038	36141
20609	65331	35381	87357	96498
7185	97488	15224	6878	27986
34878	67085	98535	90131	73496
44609	58416	69792	8717	86539
82707	79189	23335	35174	66029
16308	63472	69952	78666	52221
96865	97884	82471	87096	63617
70141	44105	681	44809	94828
37745	20247	6092	68082	70259
30372	44083	75216	25103	26241
53094	67938	61281	27480	24696
74190	31273	91273	62766	69371
75798	93045	46141	7019	46949
96788	94000	75640	75194	11422
56735	63702	5397	62337	23049
59943	75945	98928	61760	87413
13316	83964	16020	32644	96533
2870	45923	78401	71831	79165
82705	89030	25690	69410	77039
66101	78296	73280	53283	92689
36413	61046	70587	37684	27962
63967	12366	24865	68269	16429
59919	81308	7574	89269	13323
1383	42054	10741	40811	33516
83220	40817	12563	81749	38844
15172	88125	59848	97841	40180
57415	83383	36505	14434	74562
84730	81468	32400	27987	69224
53657	28016	16932	72275	66640
20045	76500	19377	34455	40082
13520	94398	27824	21898	8337
90686	63115	48636	73366	42940
67590	54272	6313	29013	5577
57558	11231	60864	60803	21865
22536	54680	8886	44809	35471
97758	67447	11774	28854	6463
21442	67937	13620	81887	72286
19526	97733	99944	7566	16930
71102	83947	38791	48711	87144
16151	44901	50691	95492	4508
43832	1038	99397	75327	14216
1656	8197	14365	62433	25660
4435	43051	80000	73594	18766
30461	23502	32023	4605	47883
78053	27837	25441	31797	73712
42249	1809	40321	77828	96961
70299	99877	18676	42574	72804
96736	91161	82976	76569	65109
22535	95216	85230	71422	46404
61711	99921	31986	79316	89474
51814	60067	53114	28372	63447
8675	91359	66493	8249	57809
58768	25126	89472	78856	9837
22117	13794	20424	55208	41061
28301	44601	87364	30383	25608
12766	77176	82612	98309	89857
49520	68211	55677	59076	99998
2466	63109	70562	64412	43860
46246	72837	73339	56472	2122
97277	77210	78686	67238	91241
42782	96591	19222	60714	75212
7996	27508	82798	49023	30654
44136	64075	67410	54181	36676
82437	90848	38238	78197	95592
95975	92874	83182	11708	90535
55641	26672	23989	84218	6034
43756	9883	19962	1642	75558
57202	89517	35767	79631	50436
49336	95478	79646	52240	84152
3198	86400	83321	51588	39872
9296	74566	86439	29770	22787
67089	212	15680	31884	94570
9002	48852	66587	55720	37848
99036	2252	37853	48104	33322
62406	96965	51172	76946	15576
57736	93446	33341	30620	25739
95779	23275	26150	79078	79722
63325	60616	56231	92416	37726
458	16509	95870	2565	70843
28233	79426	92929	97467	36855
14272	5937	24518	57246	90869
76070	21217	11996	96537	33545
76662	74686	46513	1640	93652
49166	21609	12372	17057	10537
20908	74360	98100	22853	49813
77042	50317	28159	48217	24037
48949	69149	6166	94979	50150
99060	37718	21532	63629	13772
42566	10069	26091	83077	64231
73586	86918	449	86070	11077
75507	43285	36879	96790	29683
5721	8587	32244	40612	53451
44301	59298	68649	79759	26166
79043	61605	40036	71558	5505
31562	54148	63699	67527	68083
39915	71204	50992	49260	71156
28469	97847	37798	61710	81857
38932	31072	72515	8701	65819
76106	11813	51817	4576	67465
41206	17006	95494	97037	15522
92916	50685	2653	81334	62703
97524	8700	52843	26258	15520
22621	31132	32373	96500	75626
87038	58077	31516	48523	9026
4215	12503	6077	40848	27112
68950	37553	85750	31149	8158
70639	29586	81458	83287	8546
25606	47858	73800	70730	46238
24360	88964	67717	35981	6102
80889	42827	87781	32683	29983
90994	23802	78025	12011	6145
10946	58775	47144	83905	13985
21169	19816	60615	42805	38522
71339	71752	33440	93425	34941
3394	66406	58516	64112	18646
34974	20415	32100	627	77193
69610	89039	26329	10587	54152
48154	63638	41379	38918	43606
30601	50348	95257	30085	24429
27878	28488	82266	1990	77923
75775	38391	68736	44289	17956
15004	7457	7483	40432	22033
74460	50357	70288	88172	79074
75576	51756	10053	43311	81382
1554	39112	14424	7122	45875
26645	70557	31781	25053	95613
5176	74714	32566	60174	9140
22652	78724	79071	82634	99056
12694	4489	22635	67350	1222
93182	47094	35484	9335	43577
77989	5717	63966	73339	34915
88727	11142	89143	27961	56012
81867	72684	59610	25955	90040
98504	623	6883	37454	51414
68751	16262	47454	33417	91817
28672	46083	3820	61095	51480
13440	47101	14240	9178	65213
64013	9990	31984	64753	54115
50307	89555	29343	5810	22235
41948	32835	57662	48985	3490
48547	69190	29091	50605	50690
45358	29531	87530	37693	71112
66387	95716	54932	77062	25115
35546	99670	75608	81917	38468
49668	60422	67611	47311	22380
51610	66482	64791	87293	40195
58918	32095	57172	84326	71652
17300	53761	25774	68049	10518
53520	37389	51323	74913	2420
39546	3634	57296	70321	63906
12979	3211	85857	26057	27992
23776	96227	27822	95368	87714
78790	1589	11346	40299	52342
15899	71775	90259	20524	39135
36992	30013	77098	47082	58387
81111	18947	5157	76613	70283
26367	38697	31876	20769	83641
7293	84080	22179	48620	80982
32356	84364	46619	37426	83918
35934	85396	13439	15321	38682
24356	45696	85459	36909	73971
85065	42080	90285	78508	70029
86224	67239	16252	38576	29788
94723	46306	93419	16728	9753
30097	8115	75410	70459	98028
39082	17119	60489	52056	53952
16784	5762	2786	69936	11252
13078	66922	91851	18202	93277
32583	4627	52554	10269	92251
11472	45436	58885	56544	10619
8370	21324	35587	3994	15436
86812	4301	91508	9801	57490
24996	67158	80995	42355	35839
83651	79471	25530	53345	78964
63301	215	17441	41833	87579
25277	98228	15727	90729	17463
61567	616	94314	57966	5024
51081	20341	31560	13023	81801
26861	63088	77185	574	96982
42301	89769	36137	28631	9578
76040	73518	63327	66460	94791
80399	3608	85428	87459	47038
65830	28905	43658	86960	42838
87690	84232	52977	95430	16233
7246	96161	24636	63742	98112
70882	9650	29170	99877	40083
25243	62737	90551	10587	82234
75336	78522	77103	78649	97945
18418	20751	98412	40937	74373
65910	7813	47221	28445	56719
54452	73595	27516	98116	96379
59618	83750	41649	55959	23412
34918	75390	70847	17056	91487
31722	42230	55182	98752	60415
84943	93593	38433	59031	96750
7352	48441	95803	54005	70263
6355	21434	28819	57188	38186
31691	19305	78417	82270	24840
7629	18907	32697	19584	94982
27017	24869	93303	79981	54831
10866	84453	83862	30132	22975
54416	54785	53182	96412	11251
7678	3326	47592	5041	51437
91634	48952	81617	3350	24846
76528	84800	31788	93792	54372
66546	24361	83010	38049	62511
30903	27455	26920	49339	30375
91746	72016	11392	82631	20324
60600	63016	85188	53916	77544
22660	40220	81682	62899	81987
9570	10272	61938	57858	62288
40515	25201	2399	33410	36096
69449	64246	84096	30192	57894
45484	83776	90414	15663	50643
25997	50055	13305	98209	85923
41593	96811	81849	85423	90966
18289	32256	15804	76031	67316
92933	70244	54945	26872	4462
84520	77639	39295	65962	66502
45915	35197	1132	18244	16448
71556	89118	70359	64205	50755
48950	60248	45886	35275	29207
12304	16389	5427	19092	51463
54629	5818	2954	11733	9513
57176	22769	44475	17167	28152
27471	86249	18587	47015	83523
44526	68402	45734	94935	31024
9442	12955	93309	26114	53149
96026	27326	55172	72891	12934
53933	83200	740	15823	28154
46262	52263	99492	60885	29579
47986	96642	78095	86811	80504
24160	54962	12434	73469	98921
64903	22068	98985	31278	19370
85559	2581	12715	71369	71254
75236	54442	95722	14865	5741
57295	24414	73396	17676	73132
96639	42997	33238	15367	69433
48598	93696	7437	57567	3636
19910	5644	98683	45058	88695
50343	74750	5231	46176	24305
46474	12592	84005	97030	54488
5137	33238	77128	74126	54930
85172	10980	38604	94554	88969
30224	91556	27869	25112	63014
72897	47648	71936	362	76525
90231	51642	86175	91776	41739
78710	91996	20273	66956	85895
54523	17544	49626	33197	66326
17622	13414	30817	125	74091
11704	52050	86020	33569	98420
98784	82283	92158	89245	44926
65521	23009	81136	88537	64751
67658	52727	77696	73625	43300
53659	35242	54997	77499	56590
77093	39262	70464	13580	4800
17940	27154	24705	8128	47513
33333	44546	29055	37111	24100
86078	77165	17914	87101	61234
84748	96371	49617	56948	13125
10854	78934	38540	59440	9660
70386	1763	39828	51365	87146
25981	91306	58496	64697	33589
2648	78163	2831	65028	81261
95185	36831	71562	82252	70853
28787	3963	80111	27119	56340
66159	5188	96660	98493	18013
97774	25731	64016	47827	43837
44546	58931	28808	81368	58583
14230	42447	43434	46964	47851
28635	20246	4860	22316	60536
27642	21156	52963	57443	180
22710	32322	11401	8724	4382
98335	50863	96368	87771	43902
74914	66379	83139	35073	72217
35650	7347	72976	341	2607
82604	55047	15849	88562	69315
92244	11840	10116	92927	84673
71063	2767	72662	17921	94701
20173	39689	38533	26402	61270
56168	4440	48414	80688	17964
29211	69716	28179	14421	72479
43376	62805	17261	31273	21671
25257	91885	10849	55430	36813
84421	19312	86717	56235	81476
76886	30685	36342	55009	34077
44444	30177	9999	40312	41177
84400	64534	34778	71925	25703
89346	88163	23701	80579	4606
7896	33931	826	15754	14464
76980	79397	17739	72241	69815
55737	13262	2539	24678	6317
43871	46258	93432	60205	75663
9351	71438	91209	18142	89201
54193	81906	73124	44799	13403
57266	75559	38473	14945	39497
28991	51478	15722	5888	40026
79141	76880	44841	94476	66940
87218	43084	89242	38711	38308
96601	23342	48581	59890	50878
10385	37070	34364	39751	74929
90748	4529	17987	5107	28923
74815	86809	30034	26110	85499
23317	60850	79355	56388	12076
25788	56990	75190	63317	3270
73629	42846	43588	99442	12463
21915	59688	25950	28056	42947
62281	26108	23454	24506	63968
36289	25584	55921	53365	57356
90835	50253	18943	88693	34180
59801	24316	1379	77556	64272
96950	84525	86345	65060	14160
53850	46325	65407	97588	89739
61271	37391	48497	77609	60508
79472	38991	32745	24736	60275
93096	60566	48517	30459	40919
99889	13332	24887	12333	1230
71820	51083	38325	986	19704
97849	60309	13976	17759	13664
59605	7203	94450	54936	40763
21645	36072	89138	37656	18874
63477	98413	42396	39407	50804
64581	36887	50850	50827	14849
34873	50741	11620	70081	64320
40084	77512	67289	44266	26900
6891	58301	91015	10227	10433
62359	34075	12341	25341	58446
78462	14631	36156	51722	66367
95481	4053	65432	67559	63505
91228	56872	87898	13293	6722
43310	6725	931	51560	24086
84933	52429	62317	99868	79930
80860	83489	16548	35811	94063
14019	98812	22239	76100	14744
14786	38768	41542	78836	3482
50188	18365	43732	27294	92931
63267	67528	3706	74658	49662
52521	14378	8143	40343	78540
49865	86955	96872	49133	48020
90187	28607	54385	39199	76162
72564	37532	99558	28840	23264
94555	63200	1149	19020	96064
55285	43571	839	16750	28292
97771	1006	67633	60007	66449
79291	46124	9147	66063	13032
47046	14198	83045	23520	10182
96149	77441	64588	58830	53692
28555	43341	55758	52814	4733
72463	3884	58216	33152	18615
98664	88935	70251	9133	34781
69483	66165	52936	34154	23519
92911	76853	75714	49479	94139
63340	91057	68901	19801	85466
2637	61700	14362	84605	14491
5357	71616	85320	17308	79416
34431	56325	18350	33134	63895
58911	2379	90274	58249	23772
27588	71834	85584	15733	43313
33452	75079	77317	64045	71187
99911	968	80378	97075	79269
62367	41365	746	14794	56574
24408	91066	1726	25859	2298
88246	12824	82996	21584	12227
89625	44267	28168	60708	97786
40145	70239	60940	36569	96479
77160	62573	84442	77781	7796
35722	8190	26048	2237	71272
93867	77298	58359	40464	62546
84130	44363	80223	67630	91347
60905	5939	79849	81314	582
87506	33882	89745	26330	2673
75744	29935	68681	33983	88999
70073	11725	99030	29595	91269
78784	6290	20599	47926	8240
67488	79362	23711	28334	53630
4921	40454	10010	19307	99174
52323	50141	26492	42844	52639
80883	75166	77765	38475	56922
41931	47085	27443	15946	31033
10852	11517	89146	87285	20029
47573	89607	44707	8830	23641
47395	36675	46886	52327	94558
69465	63018	83544	92816	62379
60612	75692	54900	13244	26985
70396	60322	21389	99467	29987
97745	63605	93035	50414	95126
26025	45763	12054	39216	11787
35768	11985	67930	78467	65701
70617	46688	49060	59923	44564
1699	46629	39542	72034	97702
64886	99710	7539	57490	82296
83612	21321	82172	14365	48746
65137	17029	83639	52787	78243
62288	38619	89939	67180	53339
43404	77031	76192	8563	76191
48945	62364	9507	87303	81303
35999	82888	48466	21126	3998
69803	28715	49648	44720	80075
28276	31438	64479	35384	16026
81855	71023	63167	48010	37734
74975	24575	12078	96048	78719
30845	26863	78115	13613	64121
49110	31817	15826	57318	51942
42822	77640	33222	41795	27313
13656	25602	70884	23242	5123
17043	70344	27133	85242	83426
81802	19963	55617	35305	56208
3259	85465	94439	46755	67129
35842	19536	26515	9630	43543
38762	13563	85859	44308	14088
13587	71843	68071	4206	18551
98404	63956	26176	53527	391
51183	71340	84373	11605	57053
30084	38971	54735	34191	5785
96230	83093	6450	91995	14069
85949	61532	27494	91112	19741
47362	44321	1806	26445	68915
23827	16473	10276	56131	2373
34576	68868	4757	7806	77886
15708	40495	75520	84294	41026
16650	39123	55293	54240	79567
82755	19741	40040	26283	6921
4252	61212	82004	43755	27748
97617	84665	38127	91827	44008
37398	3585	95548	47910	27118
6511	52754	82357	20030	81671
10391	16526	58703	39029	77230
21465	20233	67849	39475	13799
39876	37253	38740	73846	11030
65772	50084	31286	36419	39832
36439	61715	37011	14707	99865
96565	655	6262	1494	3906
72199	9016	11040	56601	15978
79093	14715	90178	62434	22994
80669	79345	16334	85632	58021
67889	97222	70263	195	7777
79182	68468	1601	38818	83192
11508	18504	75688	35234	62018
70017	25705	56064	1495	73181
38804	44406	65206	33863	77466
20221	75007	13886	18886	20995
54659	44350	55187	87837	37241
27568	5786	92875	72842	14183
64030	36057	75457	69431	39215
62428	42183	92622	87626	40125
16321	81341	3308	1088	7773
51851	54528	10216	63776	27205
25506	98658	18787	25112	62784
64509	79115	16289	86199	30444
34028	20437	14083	60554	37132
48196	45873	37969	95882	73435
65666	73926	8941	44137	45880
36028	48060	68375	11618	68901
40328	83204	97235	68562	69378
50348	63424	18728	18833	53982
99636	71992	14916	98385	83933
86050	73754	35954	41538	33839
55062	46529	45129	87163	98843
49294	74611	62159	76132	80805
74347	13973	77300	66009	67121
11327	1802	81086	20290	48210
89544	78747	61459	1569	84348
33557	70809	76173	20754	78107
89101	18747	22106	60406	22030
22688	68705	39272	27472	58302
39845	77157	43385	10983	69397
29375	64608	54302	39368	80337
86695	78663	55111	44250	66600
7106	61181	48492	40096	8755
74243	49337	30876	12730	82913
72578	1545	67933	30713	21064
10045	36276	23744	10284	49783
90523	2525	25106	70713	22549
60646	84555	75128	62069	15205
70250	22939	61667	74051	13750
32520	73751	48035	79351	64411
67805	78149	43916	95688	5737
22029	99054	53876	81658	57862
11016	78029	39627	49419	61482
32074	82310	91161	33083	8976
2812	76736	12168	80473	67629
33543	23575	18446	74463	57464
64998	18567	286	32791	96981
26797	7404	34474	58712	35294
99559	58588	63354	43734	19724
57181	94747	26168	13120	74316
9405	32062	57912	38630	96332
40393	59813	48783	40113	7229
92098	66696	21379	60427	81676
89778	61378	12902	6868	7215
73757	75529	46466	89392	40721
52257	35612	73236	97024	42743
76236	50745	17450	95969	42802
36438	23350	63732	90977	82421
36629	31574	87263	19765	87085
95957	30613	25941	13389	44085
49515	21161	19172	33929	44621
88570	33370	33169	97749	65847
75747	85802	14527	34892	956
85656	49784	37115	82135	41311
6098	77089	82117	9861	24104
88771	19450	4964	52338	79848
40632	58261	23941	51853	95967
55320	27540	77589	86451	90888
83936	2865	57268	25771	43305
89307	47173	89139	79506	23854
41016	71640	92853	1859	31908
21144	29726	39939	62887	66322
37258	45067	35840	55465	66870
29303	2640	30404	88022	39219
67748	88620	17515	24044	26472
61624	67493	3947	17556	98540
576	86786	13956	35968	8074
77971	37307	95727	95797	44982
38245	35634	51204	18661	81816
59030	1884	97854	5157	63075
71455	92444	51191	47908	11265
20744	47112	40976	92548	14266
54085	58937	98081	19317	5585
44569	7154	33017	78646	65784
57118	29714	83131	11109	48829
714	25013	62730	513	52698
90336	50167	68909	48677	72979
95142	62913	46569	10011	76798
43452	6575	52508	89265	77624
27285	81557	50190	58046	2420
93159	74958	43682	69832	43205
24594	69728	12634	36135	96506
97792	35506	73088	10080	46699
66310	47233	18858	401	22087
70503	44574	77514	74812	93569
45616	56708	47262	91442	19774
15476	57846	11942	3783	79688
9391	73172	74004	56768	78436
56903	5105	32335	5185	91982
49425	63944	63971	11682	8302
73606	80190	18433	35197	56405
46489	70675	11202	29757	17127
67936	16166	46201	54332	51116
35963	50498	57465	22644	76542
73906	20040	54474	30259	96981
82713	71994	39757	66157	31389
93065	17195	66038	93899	73279
86924	36339	78897	66851	77237
17721	10853	7083	24641	34088
55325	13791	3012	11971	68812
56122	48141	74279	43319	38276
7083	89338	2364	68573	82122
56047	31331	23816	82791	75468
60795	69329	89373	55964	21788
72522	80429	30453	58372	95152
17186	80825	42546	72159	3809
43498	63027	57962	84336	56858
28741	27792	24436	31613	91410
27719	56726	56492	64521	1318
49238	37336	79556	59607	83006
8836	73875	53526	18903	14073
57103	47873	65128	3999	96749
8190	543	8193	29160	51392
9695	34611	42412	68238	40292
92615	12078	35498	95458	98860
35989	53204	43266	61030	89040
15707	29223	96517	94715	54434
25322	72546	74565	58574	37322
43993	72470	58492	58802	57816
88346	48451	33067	5875	35994
56748	72977	95018	23574	69464
57487	5071	49543	43900	61196
80472	34156	90460	911	50740
82888	30080	25412	21601	77096
33605	33829	57130	59241	36500
59568	35794	47482	7102	32265
4244	48943	58329	43289	56941
36849	22689	56442	38469	49371
18059	3741	5504	49062	52255
91366	83471	56787	17292	36689
88691	24467	91327	14701	69978
20886	12104	68621	49916	89570
781	53896	33970	85391	84666
83677	37849	27170	64399	36538
89019	12023	21007	56073	44325
59372	23755	40976	39477	51493
35974	51581	9930	13877	32419
2407	44357	80704	79202	3426
66986	79474	50865	7445	86700
60069	73595	34380	60587	30952
48494	91497	21884	45503	37129
83880	80833	96240	48772	65337
20065	10913	91348	26162	58422
7970	68177	20173	92041	40379
56442	97334	95123	62964	93417
18101	27226	90688	43454	5009
76471	70237	61064	946	49749
41838	16002	47322	19978	90269
28872	71525	40329	80166	75150
58406	12393	40390	2404	80846
39414	13676	33976	93936	47412
3228	65341	54108	87778	97945
94270	40900	59309	54162	46237
4412	55885	12426	91041	51805
26960	22186	84435	73130	59539
13197	8877	58120	78902	90075
85672	4045	62412	25111	54887
43639	64557	92724	37482	45580
75447	22845	44810	5450	7473
59413	5001	37973	74089	88730
40938	138	49530	99394	18989
85643	34098	49318	63999	10871
86451	49936	33978	1153	16506
53506	20628	85948	97342	50771
58956	48353	78045	33728	8377
65230	51582	35068	14008	54302
68676	51718	33199	77435	25468
72326	41323	35189	12583	3735
73351	87396	15149	22299	22532
36989	38815	24701	91215	2488
46578	84937	6396	41168	60377
93997	65728	28470	79013	58740
98876	27297	67639	63345	94330
5497	66380	20293	1613	39933
27598	72784	48417	66641	83159
38894	96781	40274	63926	47123
85210	34768	2987	795	50494
99145	26759	47976	85274	79637
13276	17246	32179	62176	41625
28100	13710	56818	63513	95997
97405	8463	54062	64314	65740
84278	54616	85181	72525	76343
80327	92966	66161	28442	18815
5982	32856	48765	52419	56147
55502	91262	47877	55036	6599
8514	60327	52799	15163	96406
49845	48923	73480	7141	12220
4066	23646	94158	7325	38045
24572	75782	44789	55815	90685
36581	24575	31878	63168	69080
75070	48121	52619	13461	79253
48705	8202	68827	43457	88170
70116	52201	90489	99707	48959
50141	73550	16387	2298	94122
59574	48188	36461	56036	3777
7012	89527	26707	41175	65761
54353	74372	75120	16826	76528
45123	65639	40973	34375	31630
67517	84411	60639	35643	13975
1394	53802	28643	1170	56180
58652	76994	55982	86231	82095
54283	64424	43320	17798	87749
33697	44722	86692	85401	50225
49254	74584	97646	78304	99303
46695	85136	6023	67033	36256
23975	58973	50725	79466	54791
82901	15054	25834	87573	6442
38479	19087	79840	33219	26714
57929	66978	71802	8177	64874
26418	19375	57265	66486	82957
11842	7826	31416	46065	53819
77287	52695	1986	35560	87250
48010	36852	20587	18753	74723
96499	84453	95486	89630	20985
29063	46259	28216	78395	5787
74586	38635	69522	75055	9963
90986	37070	23192	72430	16349
83812	3522	45291	73493	50381
37387	3154	51405	29149	60599